Plant	Path	 1-Hexanal	Limonene*	E-beta.-Ocimene	 3(Z)-Hexen-1-ol-acetate 	 Isohexanol	 1-Hexanol	 3(Z)-hexenyl propanoate	 4(Z)-Hexenyl butanoate/ 3(Z)-Hexenyl-1-ol*	 2(E)-Hexenyl butanoate	 n-Hexyl butanoate	 Hexyl 2-methylbutanoate	 3(Z)-hexenyl ester*	 3(Z)-Hexenyl butanoate	 3(Z)-hexenyl valerate*	 3(Z)-Hexenyl isovalerate	 sesquiterpene*	  Linalooll	 Beta-caryophyllene*	 alpha-Duprezianene*	(E)-alpha-Bergamotene*	 beta.-Elemene	 3(Z)-Hexenyl caproate*	 4(E)-Hexenyl hexanoate	 5-Hexenyl hexanoate	 (E)-Hex-3-enyl (E)-2-methylbut-2-enoate*	(E)-beta-Famesene 	 alpha-Terpineol	 sesquiterpene RT 22.7 mixed with neighbor peak	 sesquiterpene RT 22.8	 sesquiterpene RT 23.0	 3(Z)-Hexen-1-ol trifluoroacetate*	 alpha -Farnesene mix with next peak	 sesquiterpene RT 23.8	 Sesquiphellandrene	 sesquiterpenoid RT 24.2	Benzyl acetone*	Nicotine*	 Benzyl alcohol*	 sesquiterpene RT27.3
001_Ut1A_flower.txt	D:\user_data\data_gctd2\kepu6533\170214_AI_RIL_Flower-VOC\001_Ut1A_flower.qgd	21810	67804	327	53688	370052	76348	48017	822225	91485	6009	23697	58686	55996	605071	139270	11190	7389	52993	70050	480484	13505	205454	34004	10367	231111	17561	9875	5508	42226	47424	25950	18670	18386	27683	6316	23231	4500204	87059	165999
002_Az1A_flower.txt	D:\user_data\data_gctd2\kepu6533\170214_AI_RIL_Flower-VOC\002_Az1A_flower.qgd	41804	79102	258338	45397	801045	221198	113583	1253443	83618	6010	18325	51363	52732	507385	93069	1344	26248	41879	56808	111069	7821	133717	16503	17847	168182	14742	12148	1784	9034	7277		2723	1315	1512		5800	12514067	142479	43802
003_01A_flower.txt	D:\user_data\data_gctd2\kepu6533\170214_AI_RIL_Flower-VOC\003_01A_flower.qgd	30907	78789	495483	13178	664680	111189	27954	242508	39936	5828	10811	26098	25740	172793	30637	1210	13621	55189	42849	45003	13671	73869	6420	8647	73993	1385	12659	1872	5799	7637		4409	4538	5860		169291	5678946	119264	158207
004_02A_flower.txt	D:\user_data\data_gctd2\kepu6533\170214_AI_RIL_Flower-VOC\004_02A_flower.qgd	94330	62519	923	7624	387476	155766	27491	320335	47840	7722	18737	34234	34234	270635	26541	12689	2615	36708	51479	681594	17845	77095	7443	2874	86678	45509	12417	11432	37680	36015	22217	15334	15455	23699	3241	6043	2504879	111591	85621
005_03A_flower.txt	D:\user_data\data_gctd2\kepu6533\170214_AI_RIL_Flower-VOC\005_03A_flower.qgd	34961	68843	213211	51649	633936	221862	119447	902983	42292	6804	40535	61159	61159	966777	225488	12512	3237	28627	40158	472489	15945	277667	44253	18878	258446	39849	15793	6665	36626	35102	12302	4827	16598	20257		10465	23257868	145524	141121
006_04A_flower.txt	D:\user_data\data_gctd2\kepu6533\170214_AI_RIL_Flower-VOC\006_04A_flower.qgd	34841	54270	1368	30005	346922	83505	42687	397782	106079	2537	8809	33749	31691	215239	39582	5360	2290	32262	45234	247263	9295	70501	3293	12516	52804	7942	8247	4127	19796	19342		1723	6269	7189		93951	1081014	141722	32001
007_05A_flower.txt	D:\user_data\data_gctd2\kepu6533\170214_AI_RIL_Flower-VOC\007_05A_flower.qgd	40717	153090	1441	13757	673784	148485	14872	315968	53861	5231	24961	24557	24812	253624	43661	7079	25022	72696	102325	302546	14833	58336	7874	5558	48974	9187	12184	4596	25619	22912	10211	8280	8895	13007		4143	12665390	115775	104923
008_06A_flower.txt	D:\user_data\data_gctd2\kepu6533\170214_AI_RIL_Flower-VOC\008_06A_flower.qgd	44031	114867	523113	62733	764342	209385	24135	425191	101835	4762	22959	20102	20102	222997	36702	4082	21939	47283	64717	88779	11269	53683	3165	14517	78531	11411	12120	3864	11393	9313		2249	2065	3577		37618	2577009	179547	67197
009_07A_flower.txt	D:\user_data\data_gctd2\kepu6533\170214_AI_RIL_Flower-VOC\009_07A_flower.qgd	23462	37932	347	6159	298193	73690	22750	305223	48215	1687	6159	19570	19324	132230	23633	8606	2307	47328	69506	569560	12738	53202	4225	8515	37413	16015	8317	3700	20659	16673	2905	4678	5803	9492		10400	1360999	148623	65804
010_08A_flower.txt	D:\user_data\data_gctd2\kepu6533\170214_AI_RIL_Flower-VOC\010_08A_flower.qgd	34318	46065	164737	6055	253723	59780	13582	329455	29826	938	5571	19224	19224	6388	28178	2987	2519	58701	81743	97653	7055	72595	5563	8548	67620	18631	8776	1976	12863	11369	8083	1819	5055	5838		3539	892370	135988	134843
011_10A_flower.txt	D:\user_data\data_gctd2\kepu6533\170214_AI_RIL_Flower-VOC\011_10A_flower.qgd	31470	32454	187522	70533	413566	110799	104346	614886	32875	3498	7086	76739	76739	342171	37382	5912	7228	20247	24797	357892		89849	4564	9892	103404		9669	3478	21825	17704	10656	5167	5191	10313	1545	6720	653963	90630	20830
012_11A_flower.txt	D:\user_data\data_gctd2\kepu6533\170214_AI_RIL_Flower-VOC\012_11A_flower.qgd	32928	34376	911	6910	348244	123650	33861	287705	56852	4504	15198	28800	29356	4627	27615	8942	1669	48181	70770	324181	13024	63601	4534	8743	104709	41343	10872	5811	30346	28877	8723	11295	11405	12013	751	4990	16247777	89301	105990
013_12A_flower.txt	D:\user_data\data_gctd2\kepu6533\170214_AI_RIL_Flower-VOC\013_12A_flower.qgd	30388	42824	148261	18019	346220	119317	41365	441842	73605	4933	9947	26475	26122	263419	66853	2654	7097	33875	95200	99721	11528	82445	8343	12056	99515		10292	1761	12644	12924		11838	3575	5335		8417	3192768	145338	72766
014_13A_flower.txt	D:\user_data\data_gctd2\kepu6533\170214_AI_RIL_Flower-VOC\014_13A_flower.qgd	28702	59675	721	11337	202403	45231	8916	189013	54782		4578	9998	10427	86404	9369	7574	15801	20918	28070	474303	8344	28212	1189	7384	17267		8670	2747	13477	12585	529	5060	4866	7917	2466	34436	11430795	192676	27671
015_14A_flower.txt	D:\user_data\data_gctd2\kepu6533\170214_AI_RIL_Flower-VOC\015_14A_flower.qgd	49203	95002	1063	7463	311778	133608	10740	391408	53932	2828	8629	19249	19249	199619	8927	7104	21632	29737	41335	324014	10422	28057		15400	27661	6165	11788	3421	21439	22152		5715	5715	7054		5732	8328455	120531	43804
016_15A_flower.txt	D:\user_data\data_gctd2\kepu6533\170214_AI_RIL_Flower-VOC\016_15A_flower.qgd	25831	58532	249061	6445	253363	67804	14639	201290	38890	4817	6932	19501	18018	125362	16779	2946	17860	37036	49888	150801	12087	45286	2890	13631	32803		11963	4965	24356	24566		8355	4117	3156		8254	2949193	69974	76239
017_16A_flower.txt	D:\user_data\data_gctd2\kepu6533\170214_AI_RIL_Flower-VOC\017_16A_flower.qgd	59589	101813	183192	17115	528056	145177	20107	466448	91658	6281	14429	27079	27079	240974	26655	1740	8100	22370	26046	121067	11013	89572	5720	20429	80448	11320	14308	2147	11118	9582				4570		4268	4176602	118351	80170
018_17A_flower.txt	D:\user_data\data_gctd2\kepu6533\170214_AI_RIL_Flower-VOC\018_17A_flower.qgd	34696	48970	212957	10500	419865	72376	6733	184481	40877	1170	4073	6183	5845	78082	15474	3958	3357	36125	45820	127551	13952	35666		11834	29488	45221	9772	1718	10251	10698		6974	6264	6491		5439	28487699	119707	62049
019_18A_flower.txt	D:\user_data\data_gctd2\kepu6533\170214_AI_RIL_Flower-VOC\019_18A_flower.qgd	24130	65977	240582	8434	447450	77211	27999	567765	128739	1998	11527	19260	22099	344306	65360	1721	9329	46346	66313	95022		137906	8326	23473	140055	15439	12352	1490	9118	9973		960	1126	2248		3440	17971838	97372	94570
020_19A_flower.txt	D:\user_data\data_gctd2\kepu6533\170214_AI_RIL_Flower-VOC\020_19A_flower.qgd	31932	50937	407	8165	352255	105299	28068	288068	30697	4290	7414	15175	17082	124222	15817	5890	3867	48478	66027	284865	9003	23665		28883	21727	6477	10148	3974	15558	20131		1877		7509	1408	3605	20673750	136833	49062
021_22A_flower.txt	D:\user_data\data_gctd2\kepu6533\170214_AI_RIL_Flower-VOC\021_22A_flower.qgd	22131	55661	182394	11885	329687	88431	15732	225465	53808	2417	11231	14290	13028	151649	19667		3371	56057	75280	128841	7009	52697		13464	52337	14118	12845		10316	9869		1623		2618		8150	2266993	105196	73982
022_23A_flower.txt	D:\user_data\data_gctd2\kepu6533\170214_AI_RIL_Flower-VOC\022_23A_flower.qgd	22955	48455	920	7096	325032	81066	7655	184765	36865	708	5831	7564	7424	124836	12744	4953	22157	33026	44562	207937	9508	28559	1803	14517	21131		9795	4235	25792	23236		5073	6367	5774		9666	2321615	115089	49542
023_24A_flower.txt	D:\user_data\data_gctd2\kepu6533\170214_AI_RIL_Flower-VOC\023_24A_flower.qgd	30652	56708	244	7939	442612	107245	12422	153403	102361		8130	13087	14890	56450	10684	5974	1682	22893	31628	321540	7757	33725		13845	16081		10723	2414	12833	12249		4069	4069	6495		7646	5769488	155642	55263
024_25A_flower.txt	D:\user_data\data_gctd2\kepu6533\170214_AI_RIL_Flower-VOC\024_25A_flower.qgd	31089	45829	102753	21612	234611	71510	16661	163609	48347	3313	8720	10645	11638	92926	20118	1720	15082	40802	55287	103936	14562	43767		12028	33482		11302	1789	13493	13193		5715	5034	2241		3494	16883302	104057	86553
025_26A_flower.txt	D:\user_data\data_gctd2\kepu6533\170214_AI_RIL_Flower-VOC\025_26A_flower.qgd	29816	44445	95235	2249	138989	45466	5642	83173	26732	1826	4629	6395	7036	44435	4905	1948	1603	24808	38599	124652	9583	13510		14864	1698		9560		6031	9771		1147	1170	4255		580	12513274	93355	32178
026_27A_flower.txt	D:\user_data\data_gctd2\kepu6533\170214_AI_RIL_Flower-VOC\026_27A_flower.qgd	61843	42848	97174	2546	147064	68786	6112	96068	49006		4442	8238	8487	42331	7046	4538	3948	13215	17463	238727	10867	25635		20352	20914		5946	2063	11131	9717		5574	2734	5192		4518	6604751	89743	36966
027_28A_flower.txt	D:\user_data\data_gctd2\kepu6533\170214_AI_RIL_Flower-VOC\027_28A_flower.qgd	27755	55022	164500	4748	164111	46464	5156	131332	36618	1993	3683	9156	11952	61499	8825	1787	2215	31337	43521	140734	15404	35148		25175	17405	14161	9994	4781	17650	18830		33538	27509	6014		5834	14726412	80635	110772
028_29A_flower.txt	D:\user_data\data_gctd2\kepu6533\170214_AI_RIL_Flower-VOC\028_29A_flower.qgd	27247	60443	374	12567	542551	100389	7267	154779	66920	4721	11002	10153	10407	85192	20354	6412	5154	45760	64493	340506	8656		2050	8505	16403		8420	2333	13781	15895	13620	3165	3459	12078		18485	5979621	122627	81434
029_30A_flower.txt	D:\user_data\data_gctd2\kepu6533\170214_AI_RIL_Flower-VOC\029_30A_flower.qgd	33144	72706	305364	5066	196706	46118	3000	75396	24477	1041	1743	7727	6530	39475	4209	1431	17026	33853	43592	46990	6481	15873		12038	7943		7656	871	6136	5360		2661	1740	2998	524	25253	2019192	84937	27079
030_32A_flower.txt	D:\user_data\data_gctd2\kepu6533\170214_AI_RIL_Flower-VOC\030_32A_flower.qgd	60866	57516	334	8837	349253	115388	9598	274925	34922	890	8196	13719	13719	118627	13814	11841	9992	23964	34277	496672	14267	33729		21088	29038		10346	9296	53213	61582	11666	10636	9342	11571		9095	37624083	111033	49796
031_33A_flower.txt	D:\user_data\data_gctd2\kepu6533\170214_AI_RIL_Flower-VOC\031_33A_flower.qgd	36000	42621	1199	22227	225494	78989	17079	243116	80998	4196	8032	24976	22030	133811	21137	3372	3837	25504	33117	102258	4838	55704		8694	48914		7930		4966	4592	3157	748	1999	7069		3859	6329956	104414	29433
032_34A_flower.txt	D:\user_data\data_gctd2\kepu6533\170214_AI_RIL_Flower-VOC\032_34A_flower.qgd	26092	53615	360248	9076	384636	61287	8718	147858	25487		4795	9370	11370	53222	10900	3030	3027	46659	64884	134443	8884	16703		25838	13962		12720	4355	22465	24222		7799	3927	3929		10442	6816787	118430	62344
033_35A_flower.txt	D:\user_data\data_gctd2\kepu6533\170214_AI_RIL_Flower-VOC\033_35A_flower.qgd	44210	57356	1178	6532	268405	76950	15160	222930	74689	4985	7349	19669	20507	112817	15405	5900	2571	22748	30982	390201	11257	44197		16257	27180		8141	3851	21187	19785	8298	3936	3936	10558		3406	3102056	72165	38602
034_36A_flower.txt	D:\user_data\data_gctd2\kepu6533\170214_AI_RIL_Flower-VOC\034_36A_flower.qgd	16155	56687	129450	3380	123887	21977	4975	69223	35651	2144	1416	4099	4201	30373	6315		16983	32798	43331	82888	8347	34760		16099	8567		11843	1858	7213	7897	1066	5154	615	2770	1025	5903	1367093	81054	59369
035_37A_flower.txt	D:\user_data\data_gctd2\kepu6533\170214_AI_RIL_Flower-VOC\035_37A_flower.qgd	22220	47542	197201	25515	193546	59387	30343	215026	30868	1446	6576	14516	13536	126216	15618	2960	1495	36625	49495	49463	7601	25186	2693	16043	33021		10721	2175	14562	15942		2610		1706		18575	680462	97171	39074
036_38A_flower.txt	D:\user_data\data_gctd2\kepu6533\170214_AI_RIL_Flower-VOC\036_38A_flower.qgd	39155	74968	889	7815	333480	101324	21069	223069	101851	3486	19988	16847	16345	147771	27759	3955	2509	56003	74179	245216	10782	69295	4535	15296	65600		12107	3069	13466	13223		3087	2543	8421		4687	8102928	66961	135769
037_39A_flower.txt	D:\user_data\data_gctd2\kepu6533\170214_AI_RIL_Flower-VOC\037_39A_flower.qgd	17703	68691	682	9164	363783	44127	5696	112484	35411		4199	4325	4694	56774	9876	11623	22683	32182	46335	686324	13694	31776	927	8499			12809	6615	37975	37525	13750	12416	11747	16132		11310	1295034	86472	51971
038_40A_flower.txt	D:\user_data\data_gctd2\kepu6533\170214_AI_RIL_Flower-VOC\038_40A_flower.qgd	19592	74675	2257	42831	252646	60435	15067	151445	22052	2392	4210	10801	10964	77785	10506	5704	21587	72687	100547	301334	13558	28569	2300	13321	23457		22847	11882	15193	14184	9204	8148	7970	14065		1268	12358997	103355	154713
039_41A_flower.txt	D:\user_data\data_gctd2\kepu6533\170214_AI_RIL_Flower-VOC\039_41A_flower.qgd	23542	75576	337881	23536	353317	84494	12140	212229	71675		11395	11688	12670	160870	32731	5679	3547	40934	61370	252618	13483	50182	2253	24637	40959		12268		10182	10675		10514	9960	7941		57055	42419536	143226	56932
040_42A_flower.txt	D:\user_data\data_gctd2\kepu6533\170214_AI_RIL_Flower-VOC\040_42A_flower.qgd	23464	44346		19550	327412	91460	33800	267667	39315	2786	9118	14533	14807	165345	16511	581	1433	29167	42242	322139	15180	38069	2918	26443	39134		18496	3913	16317	16862	7689	7221	7579	6177		4385	25083473	79039	51082
041_43A_flower.txt	D:\user_data\data_gctd2\kepu6533\170214_AI_RIL_Flower-VOC\041_43A_flower.qgd	21275	36704	206975	3794	171872	42870	28949	240636	30464	3068	6146	16331	15915	156993	22298	414	3139	83601	120085	73575	11174	30402	3203	5494	41982		11541	1060	6395	7951		1825	3933	3043		3479	8029767	102024	115100
042_44A_flower.txt	D:\user_data\data_gctd2\kepu6533\170214_AI_RIL_Flower-VOC\042_44A_flower.qgd	22490	75712		50305	268863	63126	14196	186981	41896	2785	5336	10199	9679	88206	10966	4326	24976	33333	49229	239675	6096	24716		23568	16563		23419	2647	26956	28977	7304	1505		7890		4692	986027	106194	43040
043_45A_flower.txt	D:\user_data\data_gctd2\kepu6533\170214_AI_RIL_Flower-VOC\043_45A_flower.qgd	21626	79048	416458	38376	307278	148087	36268	369929	49387	3890	13128	21695	20195	257329	32229	2783	2797	91851	125662	137400	10685	51620	2354	26245	60077		11320	782	2056	3418			4121	5071		4743	2089199	118113	101422
044_46A_flower.txt	D:\user_data\data_gctd2\kepu6533\170214_AI_RIL_Flower-VOC\044_46A_flower.qgd	33022	68636		10309	203354	41762	9101	133591	32122		5060	8933	10538	76016	14281	7500	23582	56991	81015	306999	10461	31279		5713	14733		13950	987	8812	9651	11853	3637	4496	6836		5256	11255325	110384	82756
045_47A_flower.txt	D:\user_data\data_gctd2\kepu6533\170214_AI_RIL_Flower-VOC\045_47A_flower.qgd	20989	86189	2058	31063	415271	73870	9207	147505	89168	3582	11110	16600	12772	116719	22068	10911	6198	42150	56337	571613	9235	37400	2382	12617	23007	11037	15280	2139	11705	10997	18702	7057	6960	17650		308682	2111512	97886	107434
046_48A_flower.txt	D:\user_data\data_gctd2\kepu6533\170214_AI_RIL_Flower-VOC\046_48A_flower.qgd	24414	58187	196247	7703	347605	91203	10286	197462	31508		6479	11724	13750	164833	11464	4403	2887	83470	113781	146351	5693	24788		20889	23704	6668	12753	1273	8892	9324		1608		2544		13767	429703	165438	71056
047_50A_flower.txt	D:\user_data\data_gctd2\kepu6533\170214_AI_RIL_Flower-VOC\047_50A_flower.qgd	22867	90216	317158	11371	519591	74690	13749	213534	99287		15128	14608	14983	175359	26066	5841	26309	55271	75761	209552	11171	51544	1430	24168	34757	7170	19066	2284	17118	15235			4329	9256		18196	2356396	121929	74248
048_51A_flower.txt	D:\user_data\data_gctd2\kepu6533\170214_AI_RIL_Flower-VOC\048_51A_flower.qgd	39616	63659	299916	6545	328700	83142	17323	234122	29881	2490	8911	14101	13590	219257	28856	2968	11305	31677	41588	64632	8058	32365		670	47179		10711	1666	6922	7138				1427		8596	6862354	132894	29757
049_52A_flower.txt	D:\user_data\data_gctd2\kepu6533\170214_AI_RIL_Flower-VOC\049_52A_flower.qgd	19534	41509	582	31957	355929	83734	14091	153726	29416	4081	6023	12724	14861	82013	12987	8396	2950	54862	71675	1050695	15122	26609	2822	24287	16815	7430	10710	4513	27272	25411	7328	7748	6849	14339	1960	126725	11202861	189878	83447
050_53A_flower.txt	D:\user_data\data_gctd2\kepu6533\170214_AI_RIL_Flower-VOC\050_53A_flower.qgd	29927	70259	1766	8221	408185	70934	25938	246715	112562	2058	8173	27306	26358	129099	22228	22968	8152	65701	91768	1132826	7958	27449	3246	28141	60757	20748	11938	7306	40853	36474	24077	5050	5001	33671	1390	5261	559112	70389	68515
051_54A_flower.txt	D:\user_data\data_gctd2\kepu6533\170214_AI_RIL_Flower-VOC\051_54A_flower.qgd	28528	76402	3146	12303	558183	118510	9890	175871	33850	5246	9092	14407	14407	98167	19540	6439	25607	72865	98509	319368	8670	22159		3695	17774	7874	12771	4830	26271	23031		3866	4993	5588		92031	619643	141066	61849
052_55A_flower.txt	D:\user_data\data_gctd2\kepu6533\170214_AI_RIL_Flower-VOC\052_55A_flower.qgd	27076	44552	110501	10506	468366	88228	11773	233310	26152	2170	7770	19265	18770	163381	16061	5333	2336	37718	51261	167857	8953	17345	2737	23198	40606	16725	10791	3262	15884	13097	7930	2491	4146	8262		5791	184680	112260	86691
053_56A_flower.txt	D:\user_data\data_gctd2\kepu6533\170214_AI_RIL_Flower-VOC\053_56A_flower.qgd	21054	60066	299162	9285	407465	60307	16729	197704	57834	2235	6712	12554	12791	110157	39214	2708	1255	39024	54301	55167	8560	26356	2264	12757	22961	9894	8452	1406	7239	8637			1455	4148		23606	703223	90458	29036
054_57A_flower.txt	D:\user_data\data_gctd2\kepu6533\170214_AI_RIL_Flower-VOC\054_57A_flower.qgd	21846	76375	286496	6875	376818	69194	22486	375180	100331	954	9255	15330	14347	197232	47803	1621	17579	18809	24101	52281	6067	34532	8379	13677	48578		8719		5824	5408			2186	3408		5716	485833	104843	17986
055_58A_flower.txt	D:\user_data\data_gctd2\kepu6533\170214_AI_RIL_Flower-VOC\055_58A_flower.qgd	20368	40268	937	11605	253916	87949	27620	345375	100880	3754	11866	28404	28620	241983	57696	15054	25544	23307	33411	1126090	16582	65075	12809	27881	110523	10335	10297	7824	40616	38136	17260	9885	9235	24708		74287	37823801	64930	93101
056_59A_flower.txt	D:\user_data\data_gctd2\kepu6533\170214_AI_RIL_Flower-VOC\056_59A_flower.qgd	32635	69230	261227	9806	333827	63534	7110	167467	29233		2857	6468	6993	76743	10646	5233	18646	31875	42178	202224	5874	7326	501	22227	12774	13248	10365		15618	14534				4764		4367	2795481	77383	39501
057_60A_flower.txt	D:\user_data\data_gctd2\kepu6533\170214_AI_RIL_Flower-VOC\057_60A_flower.qgd	25444	76500	271296	25600	753003	118605	20083	307086	31198	4316	8335	25160	25883	177941	29883	4624	20594	30689	44082	148409	8509	27522	4744	13810	44717	14210	12824	4480	18793	22013		15334	3995	5632	584	11323	1092026	157687	43580
058_61A_flower.txt	D:\user_data\data_gctd2\kepu6533\170214_AI_RIL_Flower-VOC\058_61A_flower.qgd	41853	38137	4326	479	347473	52983	10813	105818	44899	3279	11137	23185	24587	130300	17729	11154	18897	78132	108685	515832	12121	33325	2253	23164	46377	102713	8927	5185	23918	27124	16911		8278	19123	1271	11290	5153693	153108	196571
059_62A_flower.txt	D:\user_data\data_gctd2\kepu6533\170214_AI_RIL_Flower-VOC\059_62A_flower.qgd	24803	36468	65893	23258	225891	46643	13400	171196	28736	1422	4026	12567	12865	87750	13485	2435	12794	28915	40383	87053	7035	15378	1664	16053	25858	11365	12460	789	7432	6979		1106	2372	2074			7866906	78765	35587
060_63A_flower.txt	D:\user_data\data_gctd2\kepu6533\170214_AI_RIL_Flower-VOC\060_63A_flower.qgd	32727	63176	1066	8600	364299	65490	19390	197884	44430	3208	9683	16871	18963	158020	22503	11515	16362	47351	64638	546509	6823	28755	4838	29383	38076	17807	14164	3188	19003	18972	16564		1256	14587	4747	1771	2417968	105279	120476
061_64A_flower.txt	D:\user_data\data_gctd2\kepu6533\170214_AI_RIL_Flower-VOC\061_64A_flower.qgd	32385	40990	1290	28704	130376	65549	36674	267356	25199	2272	9530	33253	31369	303558	20780	9204	2695	27035	38198	486324	8894	52846	2699	20026	106884	206329	10304	6948	41367	39195	12043		6960	14850	4509		9520768	65308	76721
062_66A_flower.txt	D:\user_data\data_gctd2\kepu6533\170214_AI_RIL_Flower-VOC\062_66A_flower.qgd	34928	59319	117326	34167	301516	58600	14648	166784	57176	3116	7208	16183	17399	106485	20081	3820	16148	28119	40395	126879	8449	16667	3065	12728	26430		10658	2039	5791	5372	1351	4627	1114	3753		5291	5735784	99140	44497
063_67A_flower.txt	D:\user_data\data_gctd2\kepu6533\170214_AI_RIL_Flower-VOC\063_67A_flower.qgd	32732	70458	407062	58433	881438	121860	22589	264900	33668		13088	19711	20398	258132	34445	3491	22212	43309	61790	81183	8616	35559	2653	16539	39858		17778	2327	9727	7867						6490	2985031	92916	47978
064_68A_flower.txt	D:\user_data\data_gctd2\kepu6533\170214_AI_RIL_Flower-VOC\064_68A_flower.qgd	24329	45045	234742	27837	326762	59498	24195	294753	25193		4371	18942	18573	201700	40757		17318	66881	90897	115588	8467	36799	3941	25714	42811	7733	10091	1036	7490	6734		1250	1888	4816		4339	2010837	72827	66211
065_69A_flower.txt	D:\user_data\data_gctd2\kepu6533\170214_AI_RIL_Flower-VOC\065_69A_flower.qgd	39904	50972	238735	7266	286850	90180	10059	98391	53488	3764	9585	8776	9039	50379	8881	5253	14082	33243	43434	235977	7890	9938		16536	18012		9204	2068	9736	10286	4658	2225	1879	7983		14982	1884525	90294	43402
066_70A_flower.txt	D:\user_data\data_gctd2\kepu6533\170214_AI_RIL_Flower-VOC\066_70A_flower.qgd	38601	57915	146460	36189	745184	201121	18998	226510	95776	4153	18141	12505	15179	132687	32920	856	21628	44911	59702	77231	6771	42940	8287	17521	47712		9488	2450	7841	9200	6049			3803		3605	16656287	88882	124649
067_71A_flower.txt	D:\user_data\data_gctd2\kepu6533\170214_AI_RIL_Flower-VOC\067_71A_flower.qgd	23349	42748	116721	5492	188256	58022	15970	214594	23711	1654	6307	15947	15685	136414	27212	3938	15195	30951	45294	196622	11686	45355	3993	21776	53860		10297	1845	11395	9397			3431	4310		6297	36577925	95605	95807
068_Ut2A_flower.txt	D:\user_data\data_gctd2\kepu6533\170214_AI_RIL_Flower-VOC\068_Ut2A_flower.qgd	55462	81493	2377	26603	325607	94547	11113	324189	47707		8402	21669	21098	173164	24359	6104	14118	32560	42988	248523	8512	20921	3172	14041	38340	25017	10368	4915	24721	23822	10011		3580	7505		4309	8143705	135410	53751
069_Az2A_flower.txt	D:\user_data\data_gctd2\kepu6533\170214_AI_RIL_Flower-VOC\069_Az2A_flower.qgd	27400	40933	145984	19552	548151	143646	14029	174319	35166		6470	13667	15029	74715	12315	1618	30346	53047	77420	170219	10062	20055	835	26379	33442	24845	16738	1531	9292	8906	2538		1866	3923		6186	12533279	105765	58545
070_72A_flower.txt	D:\user_data\data_gctd2\kepu6533\170214_AI_RIL_Flower-VOC\070_72A_flower.qgd	57011	73114	2367	35223	575616	122256	25418	280362	45603	5144	10612	23213	23753	146018	27185		18400	91987	118948	74706	7572	34113	516	1492	26748	7140	12231		10417	7711	4946	1843	2828	3545		56233	39993476	151564	74521
071_73A_flower.txt	D:\user_data\data_gctd2\kepu6533\170214_AI_RIL_Flower-VOC\071_73A_flower.qgd	35161	57141	158586	26553	365923	78932	14799	304052	78944	3511	12594	28891	27986	303514	39001	5540	16303	27498	37313	202825	9605	43706	4298	25868	74130	9524	9863	2210	14606	12012		2591	2365	4478		7580	17370447	136559	43227
072_74A_flower.txt	D:\user_data\data_gctd2\kepu6533\170214_AI_RIL_Flower-VOC\072_74A_flower.qgd	22799	49096	87558	4831	291571	52321	6706	97629	18288		2526	9139	8711	44583	5555	4348	12106	44660	57999	92068	8183	7167		20564	15977	4650	8539	1615	6477	5408		4216	4515	2167		2492	328580	120887	46474
073_75A_flower.txt	D:\user_data\data_gctd2\kepu6533\170214_AI_RIL_Flower-VOC\073_75A_flower.qgd	20682	52316	326	6570	255069	36093	6641	68530	22135	1260	2567	5389	5758	23913	3946	5470	7243	41433	51298	195128	9811	7649	819	21182			10568	1538	9760	10008			3348	6477		4323	51497	131630	36951
074_76A_flower.txt	D:\user_data\data_gctd2\kepu6533\170214_AI_RIL_Flower-VOC\074_76A_flower.qgd	98244	47403	108370	35092	241627	73125	49027	408492	62309	800	8477	35000	33916	275618	40139		10903	30033	40259	63230	9888	62854	5334	10664	73372		8627	642	4374	2798			3654	4401		3988	473069	172765	27562
075_77A_flower.txt	D:\user_data\data_gctd2\kepu6533\170214_AI_RIL_Flower-VOC\075_77A_flower.qgd	28944	53975	1148	54823	282185	67371	9804	120490	98993	4263	11272	14599	14119	86490	36718	5933	14113	22287	31040	357158	11580	39444	6846	26449	45101		9075	2111	12842	12402			2935	9194		1606	6896219	60435	82511
076_78A_flower.txt	D:\user_data\data_gctd2\kepu6533\170214_AI_RIL_Flower-VOC\076_78A_flower.qgd	29619	83935	212233	22779	355127	61562	32570	315474	63843	1710	9924	16974	17143	203752	43785	1018	20482	38360	50795	116004	6660	39646	4095	23065	57051		10151	1940	7275	5548				3346		4480	371353	69197	50428
077_80A_flower.txt	D:\user_data\data_gctd2\kepu6533\170214_AI_RIL_Flower-VOC\077_80A_flower.qgd	33355	74742	1665	7327	248458	63124	9127	90390	65216	2846	6607	9973	9930	60381	10109	5795	13310	22583	30781	253418	9080	9669		23703	20440		8953	1676	15817	17479			3974	7937		18589	224938	82880	27709
078_81A_flower.txt	D:\user_data\data_gctd2\kepu6533\170214_AI_RIL_Flower-VOC\078_81A_flower.qgd	86849	63008	596	10843	434599	110029	18344	180344	26345		5281	13064	13340	84534	14606	4328	18521	27316	34674	127311	10026	15589		15803	22357		12101	1822	13607	15002		811	4608	4423		2825	44472564	113485	30646
079_82A_flower.txt	D:\user_data\data_gctd2\kepu6533\170214_AI_RIL_Flower-VOC\079_82A_flower.qgd	54886	49765	263050	17133	752974	196576	22425	364258	71969	684	17304	31213	30515	220883	27516	4969	16654	38303	48274	165397	8127	46431	931	25205	85827		11982	1868	6459	6953				6885		9999	1668999	153465	46166
080_83A_flower.txt	D:\user_data\data_gctd2\kepu6533\170214_AI_RIL_Flower-VOC\080_83A_flower.qgd	29949	45571	325254	7931	389729	76075	16592	176138	23912	2387	9740	19277	19277	124229	15696	2360	20875	41098	55175	147064	15399	19632	2230	1323	43154		14137	3531	13311	16756	4305	7097	4459	4468		39610	3408171	127599	89424
081_84A_flower.txt	D:\user_data\data_gctd2\kepu6533\170214_AI_RIL_Flower-VOC\081_84A_flower.qgd	36596	29546	116601	24266	273091	99146	42723	276533	70836	1513	11637	23209	23964	176213	19788	4194	14620	25015	36415	225829	10602	25457	4723	25773	63356		11021	1876	14449	16950			3965	8750		5140	25161295	88179	40429
082_85A_flower.txt	D:\user_data\data_gctd2\kepu6533\170214_AI_RIL_Flower-VOC\082_85A_flower.qgd	28063	52087	409	20220	297224	67417	5765	111417	30240		4982	7187	7241	66941	5645	10851	17815	45176	57699	1032822	14063	10924		16005	13619		14094	7792	38027	37125	10565		5091	15658		9198	5352331	87985	72109
083_86A_flower.txt	D:\user_data\data_gctd2\kepu6533\170214_AI_RIL_Flower-VOC\083_86A_flower.qgd	32660	48186	356848	14469	362218	94763	13111	182590	24934		7651	13460	13414	117990	23194	3001	15847	50860	68384	64049	11639	25649	3686	14593	53438		5952	1566	6740	7144		12084	3312	5490		144193	35511234	93090	127941
084_88A_flower.txt	D:\user_data\data_gctd2\kepu6533\170214_AI_RIL_Flower-VOC\084_88A_flower.qgd	33681	66254	2554	37778	614766	219618	40132	365822	64465	3280	14333	19249	19716	183608	32454	6204	21670	23114	30688	168985	8238	36994	3988	16702	41445		9922	2760	18812	19274		510	4377	10345		2626	16699971	140212	37919
085_89A_flower.txt	D:\user_data\data_gctd2\kepu6533\170214_AI_RIL_Flower-VOC\085_89A_flower.qgd	27101	54386	146888	32073	175639	65297	15037	183070	65033	3623	10413	14331	15894	164168	23197	3530	18519	53248	72920	200710	12029	29369	2685	22649	64883		8283		10017	10990		8776	3120	5729		72285	31010032	150199	118260
086_91A_flower.txt	D:\user_data\data_gctd2\kepu6533\170214_AI_RIL_Flower-VOC\086_91A_flower.qgd	31607	51588	353432	41724	406512	117898	29143	209132	23839	3364	10423	21900	20525	130306	22155		19936	59976	85785	93159	9766	20156	3138	472	34317		12118	1701	7436	6215			1316	4832		6200	33308389	140353	76148
087_92A_flower.txt	D:\user_data\data_gctd2\kepu6533\170214_AI_RIL_Flower-VOC\087_92A_flower.qgd	26785	38190	1315	30087	233844	66020	59151	493885	27320	4147	8539	34114	31631	366452	60739	10522	17934	50054	70701	750837	14378	65910	5731	25238	99108		9009	2681	18202	17084	9821		4909	12322		4137	32349918	145861	79080
088_93A_flower.txt	D:\user_data\data_gctd2\kepu6533\170214_AI_RIL_Flower-VOC\088_93A_flower.qgd	40183	57716	121381	31607	664511	70639	21964	379714	34308	2348	5908	19583	19496	210413	68926	1569	17308	23898	33307	69493	8970	49437	7199	11976	60470		10786	2297	11127	12639	4146	3899	3538	1793		4108	44010019	83683	50415
089_94A_flower.txt	D:\user_data\data_gctd2\kepu6533\170214_AI_RIL_Flower-VOC\089_94A_flower.qgd	21066	50119	195311	27682	186105	37149	15375	195675	49523	5763	4178	13196	12369	132175	22101		15119	38610	52165	53005	7790	21812	1306	21071	34730		6114	1285	5655	4034		10923	10395	3275		5881	2487517	86745	37950
090_95A_flower.txt	D:\user_data\data_gctd2\kepu6533\170214_AI_RIL_Flower-VOC\090_95A_flower.qgd	37907	47610	2702	10550	412310	105789	8599	168489	28741		3714	8194	8117	57865	6548	4017	12144	21466	30643	131555	8025	7390		23743	6875		12272	4950	18466	20039	5333		3911	5951		14990	651399	119019	36747
091_96A_flower.txt	D:\user_data\data_gctd2\kepu6533\170214_AI_RIL_Flower-VOC\091_96A_flower.qgd	55096	89559	194614	20014	491307	140635	17049	476781	58537	3290	11307	22190	21432	326821	32839	7284	18354	35014	49269	173376	8784	27604	2517	22204	36609		11096	3020	19666	18779	3756	10569		7725		5301	553746	63257	42441
092_97A_flower.txt	D:\user_data\data_gctd2\kepu6533\170214_AI_RIL_Flower-VOC\092_97A_flower.qgd	42853	97066	274918	24989	378678	89521	4870	175094	29653	3315	2568	12931	13093	69334	8751	4149	17698	21023	31341	104103	3425	9724		16737	16593		13444	3664	14903	11922				3311		5745	189241	140213	26792
093_98A_flower.txt	D:\user_data\data_gctd2\kepu6533\170214_AI_RIL_Flower-VOC\093_98A_flower.qgd	48577	116779	3348	45031	491811	162165	9245	188712	86078	4184	13745	19176	19028	130649	13554	9878	22353	34569	44800	347859	7680	20354	2910	20060	19748		13166	2277	9720	15120				10667		6965	1062565	106758	51069
094_99A_flower.txt	D:\user_data\data_gctd2\kepu6533\170214_AI_RIL_Flower-VOC\094_99A_flower.qgd	29454	40826	209202	20042	142741	41799	17703	142695	48146	4186	14517	23890	24228	180530	38595	5914	13843	67110	87979	302903	13463	63370	5054	18543	73751	5177	8801	4915	22211	22859		14621	3310	8017		323767	4379873	101230	136480
095_100A_flower.txt	D:\user_data\data_gctd2\kepu6533\170214_AI_RIL_Flower-VOC\095_100A_flower.qgd	31835	72965	2644	7107	299346	67632	8939	102009	54834	2089	14248	17987	18219	135037	13727	8330	26724	49219	69670	352597	15181	16436		17469	22844		18236	5722	31556	35424			4063	10004		27576	9421281	120226	72790
096_102A_flower.txt	D:\user_data\data_gctd2\kepu6533\170214_AI_RIL_Flower-VOC\096_102A_flower.qgd	26546	66588	218842	18181	368304	88299	22329	200471	51671	2426	9028	18031	17231	138054	27125	3343	20106	51875	74226	111545	8924	33104	1954	63505	28258		13236		7468	8015			3058	20162		8567	2114673	122473	49768
097_103A_flower.txt	D:\user_data\data_gctd2\kepu6533\170214_AI_RIL_Flower-VOC\097_103A_flower.qgd	60661	61084	2452	19761	366253	82776	23990	256561	33969	3154	6762	29063	28922	226424	30952	7162	20545	57345	74693	261644	8255	40684		10307	34558		10922	2235	17334	15265				7033		4223	6411293	108565	46915
098_104A_flower.txt	D:\user_data\data_gctd2\kepu6533\170214_AI_RIL_Flower-VOC\098_104A_flower.qgd	32589	73247	564597	11401	529965	101527	14367	183591	53477	4112	15701	23185	23697	160218	22020	4647	19476	69339	97329	170943	5902	20718	3387	39864	30438		10928	2415	13730	11545		5292	3311	6490		4238	1795781	83540	80267
099_105A_flower.txt	D:\user_data\data_gctd2\kepu6533\170214_AI_RIL_Flower-VOC\099_105A_flower.qgd	32211	131920	211549	52954	397726	119209	5797	231385	25881	4649	6701	18078	18589	105364	8934	8512	27668	44141	58985	350021	8336	21351	1273	11140	27143		17998	10286	57875	62160	6222		9346	9748		5379	3829313	132244	60301
100_106A_flower.txt	D:\user_data\data_gctd2\kepu6533\170214_AI_RIL_Flower-VOC\100_106A_flower.qgd	84289	129345		21132	486610	172617	8963	157754	97990	5518	15259	14647	15278	97020	12422	8040	19843	36499	50218	423954	21185	20024		4398	19220		10457	7861	43834	47124	15612		4909	18494		6244	1913950	105171	51838
101_107A_flower.txt	D:\user_data\data_gctd2\kepu6533\170214_AI_RIL_Flower-VOC\101_107A_flower.qgd	30792	86217	147621	10251	362868	70995	5289	111709	28319		3502	9879	9562	44449	9760	4613	22880	39062	50175	187032	6693	15090		9348	10126		10395		10000	10386	1613	11545	11705	3370	618	6560	201137	131664	37758
102_108A_flower.txt	D:\user_data\data_gctd2\kepu6533\170214_AI_RIL_Flower-VOC\102_108A_flower.qgd	30541	59758	287825	11643	466287	78483	11829	238112	81083		8169	13482	13106	149678	32213	3517	15662	55824	73762	95089	10739	40991	1714	28348	31333		15476	1944	10156	9104		2030	3103	3550		5351	7288286	139937	115499
103_109A_flower.txt	D:\user_data\data_gctd2\kepu6533\170214_AI_RIL_Flower-VOC\103_109A_flower.qgd	24000	82346	282724	64902	202404	51089	24636	229869	52370	5039	8787	17393	17887	173381	18326	5155	22283	51744	65174	85994	9689	30709	2862	10497	32449		15657	688	5794	5011		7596	1320	3829		154541	11844331	122928	52740
104_110A_flower.txt	D:\user_data\data_gctd2\kepu6533\170214_AI_RIL_Flower-VOC\104_110A_flower.qgd	22231	87125	340985	24732	277028	82951	38287	476236	76874	1966	9630	23860	23387	258186	58147		19705	67141	88665	63257	10604	85142	6705	13417	67490		11919	700	6295	6256				4049		3271	13085708	163447	71678
105_111A_flower.txt	D:\user_data\data_gctd2\kepu6533\170214_AI_RIL_Flower-VOC\105_111A_flower.qgd	25585	58076	1005	21568	219152	41882	11955	141555	26297		2791	16569	16477	58885	12502	5072	12611	33420	43340	207744	5890	19561	2163	17886	9649		13282	2913	17744	16559	3980	1011	4722	5082		8031	5657077	83800	28447
106_112A_flower.txt	D:\user_data\data_gctd2\kepu6533\170214_AI_RIL_Flower-VOC\106_112A_flower.qgd	23152	50143	717	19729	213050	77521	15703	214434	28673	1857	9190	15017	13312	216700	11130	6234	18370	57429	79550	386009	9886	24142	842	15644	4425		12988	4591	26666	24325	5665	1729	4517	5316	404	7043	5951205	131627	77983
107_113A_flower.txt	D:\user_data\data_gctd2\kepu6533\170214_AI_RIL_Flower-VOC\107_113A_flower.qgd	277709	46747	3255	13731	314214	127591	13952	208101	53811	4906	7763	23598	23268	114508	20100	8019	19683	67190	90065	1086279	13807	42628	1021	19273	44968		13633	2898	20746	21356	12346	10507	9612	9424		180017	10461836	200070	102584
108_114A_flower.txt	D:\user_data\data_gctd2\kepu6533\170214_AI_RIL_Flower-VOC\108_114A_flower.qgd	47012	87409	102736	10958	347149	62880	5640	162916	48163	2267	4985	11247	12122	48602	9795	1900	17274	12514	16026	92898	9477	21287		8357	12993		15161	933	8955	9147	3655	15516	5638	5430		6309	2154941	149690	19260
109_115A_flower.txt	D:\user_data\data_gctd2\kepu6533\170214_AI_RIL_Flower-VOC\109_115A_flower.qgd	33033	53811	716	7083	309600	77993	6238	104412	46985	1578	10478	14614	12525	102911	14989	13204	18690	62342	82915	828554	17844	36787	2093	19862	47833		12861	4787	23188	23284	23434	986	9095	22523	6795	13622	1166973	80296	171581
110_116A_flower.txt	D:\user_data\data_gctd2\kepu6533\170214_AI_RIL_Flower-VOC\110_116A_flower.qgd	32367	58223	1478	15831	209170	49838	11129	127897	63732	2748	2872	10312	10584	53500	7890	10011	7322	21946	35397	613570	13813	19351	2398	19652	11137		10445	3757	26428	27596	8149	413	9814	12157		4560	114479	110472	29379
111_117A_flower.txt	D:\user_data\data_gctd2\kepu6533\170214_AI_RIL_Flower-VOC\111_117A_flower.qgd	18654	37725	131213	7152	304475	65280	7447	121440	30744	2818	8695	9821		117679	10461	3107	16698	22976	32634	277694	10098	26982	2695	45502	40214		12076	2880	10385	12238	9769	12163	5711	7138		5559	19771817	80578	79596
112_118A_flower.txt	D:\user_data\data_gctd2\kepu6533\170214_AI_RIL_Flower-VOC\112_118A_flower.qgd	22517	80319	1534	9272	168019	38598	4006	79009	29939	1012	2908	6629		44004	3920	8247	28673	19067	25485	580892	11497	13151		17213			18578	3881	19610	19240	8154		5510	9277		706890	6852203	220414	30946
113_119A_flower.txt	D:\user_data\data_gctd2\kepu6533\170214_AI_RIL_Flower-VOC\113_119A_flower.qgd	50934	66862	229140	18734	547745	131546	13174	195258	90565	3063	11898	24492	23412	128982	20038	3537	19726	35252	49499	137142	9635	27940	1709	11000	21632		15213	383	7767	8577	7623	4731	4548	5232		13638	6867005	180871	44187
114_120A_flower.txt	D:\user_data\data_gctd2\kepu6533\170214_AI_RIL_Flower-VOC\114_120A_flower.qgd	19486	64533	79709	9099	161234	37004	5310	72747	28439		2577	4469	4469	34909	4806	3002	3038	34557	49217	100201	7722	10583		12940	3633		14740	3231	10875	12993	7468	451	5770	4368		6739	177193	48145	36563
115_122A_flower.txt	D:\user_data\data_gctd2\kepu6533\170214_AI_RIL_Flower-VOC\115_122A_flower.qgd	24917	26555	1109	11331	382567	43540	11114	87182	26578	2776	3690	6558	5584	62269	15127	9444	13996	71711	101563	464963	16114	18987	1115	22121	17872		7653	7833	65602	50844	12515	628	3513	21472	3419	6420	5801204	48226	110641
116_123A_flower.txt	D:\user_data\data_gctd2\kepu6533\170214_AI_RIL_Flower-VOC\116_123A_flower.qgd	15365	64433	498	5442	249436	46651	7960	108515	89079	1226	8824	6147	6394	70798	18689	8328	21610	29727	38652	674910	6687	31560		11743	22212		17257	3226	18706	20501	19367		6310	16434		6450	4987224	117930	43337
117_125A_flower.txt	D:\user_data\data_gctd2\kepu6533\170214_AI_RIL_Flower-VOC\117_125A_flower.qgd	99034	38770	3042	10446	447278	71402	18055	177894	50244	1849	7465	33302	30294	159372	25625	7560	7009	62651	90865	598154	15775	44560		15092	50331		15730		11613	9827	2098	3556	9426	9548		7038	6519430	172563	101120
118_127A_flower.txt	D:\user_data\data_gctd2\kepu6533\170214_AI_RIL_Flower-VOC\118_127A_flower.qgd	57970	90252	3622	29109	213484	70481	10849	155268	56091	1324	7323	28926	27869	63862	12048	6819	17880	40346	60581	248050	8722	22500	2129	13594	22785	13620	12324	3203	7994	8433	3519		6292	9695		11936	15936076	221417	56662
119_129A_flower.txt	D:\user_data\data_gctd2\kepu6533\170214_AI_RIL_Flower-VOC\119_129A_flower.qgd	26245	99831	261946	8285	333481	82438	8799	126433	65996	6669	7297	15932	15788	81535	14088	4990	11989	43992	67334	141859	8836	28808	1073	21705	16478		12062	2044	11326	9502		7743	4175	8612		29225	18102531	128042	60145
120_130A_flower.txt	D:\user_data\data_gctd2\kepu6533\170214_AI_RIL_Flower-VOC\120_130A_flower.qgd	29246	93155	526048	7988	360730	73949	7277	135757	29168		4381	7794	7824	73277	10872	4157	11480	64060	82446	175744	12052	19541	522	14048			13231	2386	13481	14309	7939	2950	3519	4929		242606	739019	142191	63835
121_131A_flower.txt	D:\user_data\data_gctd2\kepu6533\170214_AI_RIL_Flower-VOC\121_131A_flower.qgd	27141	34107	658	6388	260026	67067	30557	301576	34160	2150	4644	16140	15281	115356	15700	2175	14081	23480	28952	185870	5118	23594		19593	21389		18758	3241	15713	16509	7832	1137	4572	4232		2889	1014274	83008	28795
122_132A_flower.txt	D:\user_data\data_gctd2\kepu6533\170214_AI_RIL_Flower-VOC\122_132A_flower.qgd	40591	49948	1782	8065	217705	64743	6999	78767	31412		2094	7557	7953	30233	5263	7082	16823	36858	49971	393342	7532	11560	2688	24983			14159	3257	12026	13798	8773		5210	9158		4158	2420772	100870	41409
123_134A_flower.txt	D:\user_data\data_gctd2\kepu6533\170214_AI_RIL_Flower-VOC\123_134A_flower.qgd	37196	97378	219403	26403	1064245	154122	39750	400290	121414	4832	12303	17216	16841	216321	62161	7605	25118	41804	55043	414765	10633	69393	8057	8958	80663		18254	3577	16521	16006	16262		4638	9142		5446	8431732	124761	90708
124_135A_flower.txt	D:\user_data\data_gctd2\kepu6533\170214_AI_RIL_Flower-VOC\124_135A_flower.qgd	24062	62202	935	4825	216051	36677	5697	65407	30377		3375	9781	9187	46841	7549	12485	23251	47722	62758	688450	14662	16926		14894	17140	7635	11423	7967	38646	33429	15613		9801	21620		12024	14585369	85084	128715
125_136A_flower.txt	D:\user_data\data_gctd2\kepu6533\170214_AI_RIL_Flower-VOC\125_136A_flower.qgd	30741	44754	221979	7341	265237	64396	31112	245341	64849	2881	7428	25718	24601	135026	26015	2640	17909	19777	26653	125612	8662	40266	5219	23793	40214		12948	3157	11917	9947		2395	4761	5333		5889	26731466	130495	21009
126_137A_flower.txt	D:\user_data\data_gctd2\kepu6533\170214_AI_RIL_Flower-VOC\126_137A_flower.qgd	32485	101679	508549	11103	455675	117534	9868	202643	56649	4948	6293	14556	15690	71366	11848	5173	27712	36003	50429	167995	9575	17955		19676	18688		23019	3310	14937	15121		1788	5132	4174		34344	2160242	138397	44875
127_138A_flower.txt	D:\user_data\data_gctd2\kepu6533\170214_AI_RIL_Flower-VOC\127_138A_flower.qgd	26618	106433	397837	74105	356408	134114	21550	219217	113512	7523	15642	21772	21475	106314	19824	5629	21869	43443	59691	174333	7170	26494		16226	47596		12277	3393	19928	20916	9709	6764	4045	6369		17393	15967181	142954	49869
128_139A_flower.txt	D:\user_data\data_gctd2\kepu6533\170214_AI_RIL_Flower-VOC\128_139A_flower.qgd	44826	54126	221204	10446	353100	67214	36348	328523	45345	4064	7586	16723	15644	188379	35975	5263	19444	69530	95345	230284	10727	43871	7102	8431	85265		13828	1748	9414	10361		11440	5189	4579		80753	27172277	141905	83212
129_140A_flower.txt	D:\user_data\data_gctd2\kepu6533\170214_AI_RIL_Flower-VOC\129_140A_flower.qgd	29295	63111	249028	5744	222399	78825	4253	81194	80422	2973	8470	8110	8329	49253	11631	3777	18237	31417	41644	218114	7478	19784		24090	15550		12083	1948	7007	8543	8949	8217		4871		32766	22302934	109844	61536
130_141A_flower.txt	D:\user_data\data_gctd2\kepu6533\170214_AI_RIL_Flower-VOC\130_141A_flower.qgd	25412	36416	2425	6574	226415	75049	18621	181148	42992		6085	12329	12078	99466	16827	21629	11269	25476	34393	1650459	8979	36477	2063	13610	27670		8406	2967	16327	12432			3951	29167		23179	2049381	130679	50335
131_142A_flower.txt	D:\user_data\data_gctd2\kepu6533\170214_AI_RIL_Flower-VOC\131_142A_flower.qgd	34866	37551	2569	5743	217113	44669	6766	84164	34948	1779	3229	9048	9343	40064	4963	8400	6322	37525	52393	490321	12605	18029	1946	26840	11348		10153	3080	15421	16314	9057		4019	10649		28871	3686261	105794	58950
132_01B_flower.txt	D:\user_data\data_gctd2\kepu6533\170214_AI_RIL_Flower-VOC\132_01B_flower.qgd	62769	57958	84049	7618	297438	105043	15973	169949	38357	6731	6345	28374	29145	100084	15850		15428	40681	56093	115685	9948	44569	1795	20329	44078		16887	2397	13039	11644		3373	9621	8551		6552	7846255	125603	85744
133_02B_flower.txt	D:\user_data\data_gctd2\kepu6533\170214_AI_RIL_Flower-VOC\133_02B_flower.qgd	45526	60990	476		337013	98979	4656	75308	24807	4585	6388	7938	7938	57004	8380	5068	16230	49606	70116	200988	11919	19236		16649			12282	2184	15771	13841	5543		3817	8242	1852	14860	3061720	99711	113797
134_03B_flower.txt	D:\user_data\data_gctd2\kepu6533\170214_AI_RIL_Flower-VOC\134_03B_flower.qgd	55044	121253	416151	14859	618098	235584	35058	401628	115360	6662	19433	27641	26439	214337	50906		19946	43280	57946	126745	7257	54312	4531	8244	53173		10870	1688	7178	8157	6332	7486	4249	4875		41866	37069618	202198	51624
135_Ut3B_flower.txt	D:\user_data\data_gctd2\kepu6533\170214_AI_RIL_Flower-VOC\135_Ut3B_flower.qgd	21115	61050	1083	23467	284365	71727	15843	194831	54686	3800	6849	17101	18353	104544	21865	10574	15802	35986	54194	542383	10932	35466	4613	12879	23491		11295	837	13858	11395	19056		3670	15249		8627	6637228	154245	55972
136_Az3B_flower.txt	D:\user_data\data_gctd2\kepu6533\170214_AI_RIL_Flower-VOC\136_Az3B_flower.qgd	62622	58509	188987	7464	309520	72406	20705	233797	47972		4007	22232	22057	120471	19781		18108	43525	59394	158428	10556	48573		13831	36541		14221	2879	13587	15064		3007	5986	5223		10080	595343	122290	49134
137_04B_flower.txt	D:\user_data\data_gctd2\kepu6533\170214_AI_RIL_Flower-VOC\137_04B_flower.qgd	67207	46671	1781	31578	245978	66357	26771	282776	103782	5548	11796	24759	24516	164661	30338	12595	15091	23745	34234	807160	6967	51164	5506	9945	50932	10408	14546	3929	30979	26127	19295		5126	14110		9016	887482	138644	29393
138_05B_flower.txt	D:\user_data\data_gctd2\kepu6533\170214_AI_RIL_Flower-VOC\138_05B_flower.qgd	40515	45889	146193	8436	152630	31775	7071	73875	42315	1687	3102	12853	13513	54150	5097	5885	9136	33324	42618	217867	8433	17036		17156	12508		10719	1645	8125	9154	6033	16967	2188	5242		7615	434551	123856	30684
139_06B_flower.txt	D:\user_data\data_gctd2\kepu6533\170214_AI_RIL_Flower-VOC\139_06B_flower.qgd	61732	86483	230745	20364	437560	86947	9719	195403	35580	2627	2793	10301	10280	51355	12546		19275	66063	88081	59564	8224	14783		12333	5487		12216	578	4683	4081	2596	892	4081	7637		3959	23734139	112873	78785
140_07B_flower.txt	D:\user_data\data_gctd2\kepu6533\170214_AI_RIL_Flower-VOC\140_07B_flower.qgd	44149	99572	336204	28948	504627	117108		150932	24540	2778	9404	9889	8751	119115	13507		17349	47493	67080	109417	9220	20745	1369	34003	21618		18679	1043	4158	5809		9402	3824	3785		3185	730895	65916	43443
141_08B_flower.txt	D:\user_data\data_gctd2\kepu6533\170214_AI_RIL_Flower-VOC\141_08B_flower.qgd	20818	100282		24875	285692	38253	5182	116260	29960		2221	9532	9132	94304	10468	9632	20338	40994	55119	541611	8146	18088		27045	11106		14525	1959	15887	18384	11412		4844	13969		13701	1580280	151784	41020
142_09B_flower.txt	D:\user_data\data_gctd2\kepu6533\170214_AI_RIL_Flower-VOC\142_09B_flower.qgd	22473	48479	148745	27407	125372	30999	11621	141207	27032		6499	4892	11303	123432	15086	4526	12849	37411	49332	403495	11401	36012	1116	1376	37210		9197		9152	7786		10131	6853	7880		136398	11522884	165229	36168
143_10B_flower.txt	D:\user_data\data_gctd2\kepu6533\170214_AI_RIL_Flower-VOC\143_10B_flower.qgd	39827	56925	248301	10389	188303	43256	7053	91675	31706		3534	8358	8280	58991	7598		14588	42935	57989	119540	11663	17273		18335	13977		10108	2618	10466	7922		5507	7165	4345		671354	7170797	163023	38789
144_11B_flower.txt	D:\user_data\data_gctd2\kepu6533\170214_AI_RIL_Flower-VOC\144_11B_flower.qgd	29675	88782		14786	369825	57508	8096	144000	34611		4331	11944	12065	85267	12819	3490	24994	24135	26257	109871	7677	27926	2423	12190	18535		23105	3170	17998	18318	5809			9015	2460	43536	676408	106516	52803
145_12B_flower.txt	D:\user_data\data_gctd2\kepu6533\170214_AI_RIL_Flower-VOC\145_12B_flower.qgd	42413	95286	1221	59174	264746	96010	6946	150583	57070	3143	6586	10658	607	86075	17657	3331	12158	89609	116146	138758	9168	17329	2217	13210	16896		14601	1651	7526	8053	7376		3865	7296		79588	10858946	146168	91854
146_13B_flower.txt	D:\user_data\data_gctd2\kepu6533\170214_AI_RIL_Flower-VOC\146_13B_flower.qgd	22724	132747	271301	32269	450653	73996	3275	142489	63675		4965	8896	7682	71048	9279	1726	20986	24674	29605	156529	8502	25482	1132	12495	12850		11591		7958	9645	9572	6192	1928	5953		102526	4833599	162585	25449
147_14B_flower.txt	D:\user_data\data_gctd2\kepu6533\170214_AI_RIL_Flower-VOC\147_14B_flower.qgd	24729	94190	231396	40301	258328	60660	17865	211059	34515	1401	3477	19048	19490	120312	13371	235	24905	30334	42611	169477	6942	31743	2331	26210	22960		20429	1853	11542	11176		4695		3018		192046	1842609	258806	27412
148_15B_flower.txt	D:\user_data\data_gctd2\kepu6533\170214_AI_RIL_Flower-VOC\148_15B_flower.qgd	49174	63733	341484	60739	278363	116639	18209	230215	25567	3251	13954	37221	36309	276341	23415	4870	22325	68251	95062	91174	2340	46289	2303	19994	44769		18005	3248	14315	12562	7123	2171	8935	4808		4998	4858344	131255	77123
149_16B_flower.txt	D:\user_data\data_gctd2\kepu6533\170214_AI_RIL_Flower-VOC\149_16B_flower.qgd	20780	60605	102586	9946	173093	31770	3518	54399	21630		2027	6136	6747	38759	4260		13889	39258	52157	101744	8615	8527		25552	7633		6945	1435	7983	7983	8284	7390	1856	4235		4639	323328	81297	32479
150_17B_flower.txt	D:\user_data\data_gctd2\kepu6533\170214_AI_RIL_Flower-VOC\150_17B_flower.qgd	34942	38898	1928	16658	355012	96205	22454	371988	25953	2398	4682	19623	18181	141548	17485	4622	14163	27781	39384	211195	6557	20998	3664	29677	32339		9980	2869	15202	17768	5974		5660	5756		3580	3109274	108644	33941
151_18B_flower.txt	D:\user_data\data_gctd2\kepu6533\170214_AI_RIL_Flower-VOC\151_18B_flower.qgd	35179	99004	204967	37651	1012512	153136	20091	429110	91157	4058	11210	29284	27908	252655	46687		24560	33556	45375	98476	10296	40428	4974	3090	60067		13464	914	5508	5186	7869		853	3516		5450	949303	157210	42256
152_19B_flower.txt	D:\user_data\data_gctd2\kepu6533\170214_AI_RIL_Flower-VOC\152_19B_flower.qgd	34038	57198	92123	11110	214552	47990	9036	104212	27649		4165	11817	11817	111332	7032	5193	14889	32145	44804	396768	10768	10594	1450	10361	21662		9380	3410	19826	21406		15894	6158	3427		10906	442004	107816	36849
153_20B_flower.txt	D:\user_data\data_gctd2\kepu6533\170214_AI_RIL_Flower-VOC\153_20B_flower.qgd	26460	42926	116559	13998	202795	63191	9411	102145	25022	4068	4092	10440	10272	57059	6944	2990	14676	42190	54762	121545	6372	7831		11724	12666		6394	928	6886	6159	4725	2832	3274	4116		21273	171339	106018	42318
154_21B_flower.txt	D:\user_data\data_gctd2\kepu6533\170214_AI_RIL_Flower-VOC\154_21B_flower.qgd	37148	99645	349812	16412	566630	152375	5697	271353	33206		8627	13680	13118	197970	13471	2848	16985	35244	44463	109586	3510	14568		20891	23581		10408	4336	23872	22434		9214	4144	3526		3904	112509	142076	32565
155_22B_flower.txt	D:\user_data\data_gctd2\kepu6533\170214_AI_RIL_Flower-VOC\155_22B_flower.qgd	40561	52487	168585	16721	323560	84576	16494	179916	22504	3634	8485	19794	20034	146311	1065	2908	18465	73435	94994	135977	9092	21282	2949	14301	36681		8370	2356	10841	11674			5177	4462		16312	12721338	165217	70248
156_23B_flower.txt	D:\user_data\data_gctd2\kepu6533\170214_AI_RIL_Flower-VOC\156_23B_flower.qgd	18833	68766	178062	14764	333253	47929	16595	142314	63678		5204	9213	8925	77770	18442	3878	17412	68122	88214	175339	8396	13741		19265	16985		12068	1401	7879	6741				4624		3544	1385297	80597	69854
157_24B_flower.txt	D:\user_data\data_gctd2\kepu6533\170214_AI_RIL_Flower-VOC\157_24B_flower.qgd	30823	64669		66917	305999	83465	14291	14291	51716	5446	15282	13859	15936	157427	2752	6825	18912	103353	133813	293162	13146	31548		25077	57067		6532	3797	20843	20659	13752		4354	11266	3008	5550	27118329	117401	136180
158_26B_flower.txt	D:\user_data\data_gctd2\kepu6533\170214_AI_RIL_Flower-VOC\158_26B_flower.qgd	18575	62166	1537	14226	227089	40068	10062	162193	27388		3558	10445	13373	102925	25192	7891	20992	38401	48577	651649	12034	20252	1649	23713	22874		7274	5319	22369	20099	8381		7301	12484		7514	2300678	99464	52664
159_27B_flower.txt	D:\user_data\data_gctd2\kepu6533\170214_AI_RIL_Flower-VOC\159_27B_flower.qgd	23260	42970	180649	26906	411966	79732	28041	265739	73642	2195	9406	19259	18701	166809	36054	5414	12398	33481	46692	213661	7445	35179	5070	19433	43725		6407	1730	9058	8930	9058		2902	5193		2606	26179308	75563	52137
160_28B_flower.txt	D:\user_data\data_gctd2\kepu6533\170214_AI_RIL_Flower-VOC\160_28B_flower.qgd	48642	39509	94481	28631	91393	31595	6280	95186	30935		1002	21975	21343	48309	4072	3571	12032	39290	53163	247127	12185	7263		21813	8357		9214	1662	7126	6870	4775	4904	3419	3476		4891	13405756	173988	55669
161_29B_flower.txt	D:\user_data\data_gctd2\kepu6533\170214_AI_RIL_Flower-VOC\161_29B_flower.qgd	56069	85260	1422	25823	558100	131524	6060	156572	32970	3332	6729	11354	11292	70218	17294	6684	24281	30637	42701	292501	8601	17555	1621	14191	16365		16158	2975	15509	15509	9236		2556	6948		11797	14437594	117964	97059
162_30B_flower.txt	D:\user_data\data_gctd2\kepu6533\170214_AI_RIL_Flower-VOC\162_30B_flower.qgd	14701	46614	206942	46314	238045	42186	18586	112825	45545	4912	7798	16844	15264	118781	1177	4650	13595	68026	90624	131030	10513	29938	2790	6910	27572		11540	3932	17469	17097	10751	2121	3351	5905	3154	18885	938786	52054	143347
163_31B_flower.txt	D:\user_data\data_gctd2\kepu6533\170214_AI_RIL_Flower-VOC\163_31B_flower.qgd	47682	76831	161141	43183	379723	93192	38289	292522	36374	5665	16128	22207	20165	332777	40393	2237	24039	41718	59231	54803	13079	49949	4734	11277	81100		20918		13019	13292	4508	9989	6283	3485		5531	41314060	96086	92668
164_32B_flower.txt	D:\user_data\data_gctd2\kepu6533\170214_AI_RIL_Flower-VOC\164_32B_flower.qgd	26314	48943	154170	6110	210197	40974	8365	87912	39383	1891	3814	9350	9380	56272	12524	3341	12845	19232	27705	55137	11709	12020	1092	14120	18009		5529	1735	9168	9025	8355	19209	3534	4071		2438	588552	60058	33235
165_33B_flower.txt	D:\user_data\data_gctd2\kepu6533\170214_AI_RIL_Flower-VOC\165_33B_flower.qgd	30656	58304	1834	92779	377055	124237	16445	166704	46817	5343	15829	13485	12451	104639	25943	5168	29742	44447	58352	270610	8197	21032	2267	1758	30579		11109	1640	7063	7967	9417			10090		4619	24284060	87998	78272
166_34B_flower.txt	D:\user_data\data_gctd2\kepu6533\170214_AI_RIL_Flower-VOC\166_34B_flower.qgd	35745	60265	286405	15480	662424	85734	9462	141695	20694	3136	4941	7684	7837	70000	20000	4734	18405	59996	78598	224589	10356	23288	3625	27489	30928		9121	3280	16909	14962		3193	2659	8503	3207	6133	3035917	69106	184115
167_35B_flower.txt	D:\user_data\data_gctd2\kepu6533\170214_AI_RIL_Flower-VOC\167_35B_flower.qgd	61778	32090	2512	17852	167399	49606	16697	126553	31263	1970	2359	16106	15573	82606	12861	3501	15129	22574	30482	175059	14549	16928	2374	15533	30273		13116	2038	24832	25289	6439	415	13858	8679	3002	3671	4248728	108538	69531
168_36B_flower.txt	D:\user_data\data_gctd2\kepu6533\170214_AI_RIL_Flower-VOC\168_36B_flower.qgd	15606	65063	195541	13976	266432	53294	16782	162381	24289	2265	8059	14386	14214	163255	26527	5416	17461	76898	102492	157806	11973	25847	3795	11529	54216		8138	3375	14050	14109		8491	4319	6126		472680	4754531	86160	175600
169_37B_flower.txt	D:\user_data\data_gctd2\kepu6533\170214_AI_RIL_Flower-VOC\169_37B_flower.qgd	27784	92232	296351	27824	347575	76561	15183	162477	66161		5262	13606	13611	84885	27668		27494	34299	45762	79931	6487	22103	1809	1639	27404		14853	2194	11110	10173	6750	3772	2789	3343		171174	2528605	120967	53461
170_38B_flower.txt	D:\user_data\data_gctd2\kepu6533\170214_AI_RIL_Flower-VOC\170_38B_flower.qgd	34599	44096		43071	211108	61299	18667	227830	25802	3754	10065	25158	24632	192911	27377		15061	32791	44600	146251	11185	35421		30539	38015		7589	193	17945	16822	6467		3361	4472	1822	7458	13714786	103785	58121
171_39B_flower.txt	D:\user_data\data_gctd2\kepu6533\170214_AI_RIL_Flower-VOC\171_39B_flower.qgd	23011	64059		62198	575969	85802	27157	276409	57702		11515	5959	19967	186139	47939	14884	26658	76223	101637	1115534	20899	36811	5736	15457	59871	4379	12671	2925	18392	18475	17566		5814	16126		9128	1991348	84978	112303
172_40B_flower.txt	D:\user_data\data_gctd2\kepu6533\170214_AI_RIL_Flower-VOC\172_40B_flower.qgd	149727	77866	464	28396	417038	84142	8636	130039	52644	2019	7528	12783	14070	76956	14574	7013	22295	35432	47485	407926	16339	13510		21465	20603		17869	1715	13316	14346	13172		7453	11168		4576	1592621	143986	60103
173_41B_flower.txt	D:\user_data\data_gctd2\kepu6533\170214_AI_RIL_Flower-VOC\173_41B_flower.qgd	26885	51104	130394	36700	228768	68496	17887	150376	58915	2089	7177	15671	15726	84800	14289	4306	16308	29013	33184	212328	8435	15126	1316		29936		7590	1674	8385	9244	11628	15964	3509	5519		2179	17488445	85570	40961
174_42B_flower.txt	D:\user_data\data_gctd2\kepu6533\170214_AI_RIL_Flower-VOC\174_42B_flower.qgd	56787	83027	164653	41315	432425	120123	10223	154669	52621	5003	6554	26849	26185	86417	12612	3725	19395	59501	80935	147452	11546	16936		27205	10358		12652	336	10017	10504	8935	5348	6045	4023	1543	6427	5177974	171938	63128
175_43B_flower.txt	D:\user_data\data_gctd2\kepu6533\170214_AI_RIL_Flower-VOC\175_43B_flower.qgd	29730	56113	1758	17836	276649	77147	23244	269708	38844	3149	6110	36553	37650	190533	23137	9715	22715	37578	53134	648066	11844	24844	2829	19028	45956		12554	4035	29070	22026	10845		8212	14368		47929	42509156	138430	52170
176_44B_flower.txt	D:\user_data\data_gctd2\kepu6533\170214_AI_RIL_Flower-VOC\176_44B_flower.qgd	25947	59044	112516	15641	291390	69383	10805	138100	20890		6370	12898	13225	126421	9099	5808	22288	67283	91658	207899	6954	15387	1690	23617	20845		9380	2077	11097	10034	6768	8977		5739	2468	27642	3912135	107395	87287
177_45B_flower.txt	D:\user_data\data_gctd2\kepu6533\170214_AI_RIL_Flower-VOC\177_45B_flower.qgd	25924	70367	978	57048	366930	60338	20114	206530	27940	3427	7368	13399	15036	130142	21631	5115	24485	39795	52818	349478	10768	18273	1716	25633	29357		12012	2120	14560	13672	6155	502	3761	6159	1374	10587	26814171	154645	48370
178_46B_flower.txt	D:\user_data\data_gctd2\kepu6533\170214_AI_RIL_Flower-VOC\178_46B_flower.qgd	24839	43857	169709	40585	182158	43325	11312	90307	26227		5689	11760	12748	70157	15966	1492	16703	49341	64060	65069	9852	15617	1282	16219	21982		7164	1243	6309	6890	2841	5061	2425	3304	1718	6021	33308095	89270	76299
179_47B_flower.txt	D:\user_data\data_gctd2\kepu6533\170214_AI_RIL_Flower-VOC\179_47B_flower.qgd	28023	44957	1492	27947	438889	83769	12355	188171	29777	3385	11246	16728	15281	184182	37503	13433	12473	23413	34180	1118634	13992	38158	1450	21285	52966		7791	5910	34028	29880	17812		7155	17297		8980	19614579	117308	54045
180_48B_flower.txt	D:\user_data\data_gctd2\kepu6533\170214_AI_RIL_Flower-VOC\180_48B_flower.qgd	16722	40806	167931	14499	307226	51844	6976	85517	53529		7797	14288	15329	72382	9519	5997	16004	27862	37203	306515	8376	10753		8032	20660		8975	2150	6654	7390	12321	3501	2465	7242	2497	30087	8571509	110947	77839
181_50B_flower.txt	D:\user_data\data_gctd2\kepu6533\170214_AI_RIL_Flower-VOC\181_50B_flower.qgd	24353	76026	1297	50853	423564	95538	30503	276162	96008	2762	7814	25202	23585	138937	39901	9944	26279	39633	53905	405085	11951	26701	3417	21702	42979		14483	4206	18492	17958	13585		4963	9531	815	20992	2275294	105140	42746
182_51B_flower.txt	D:\user_data\data_gctd2\kepu6533\170214_AI_RIL_Flower-VOC\182_51B_flower.qgd	96364	48817	208689	21313	243262	46522	10245	127513	43104		1911	43328	43200	71877	11788		20381	30162	42303	36304	5452	16867	1083	11764	17388		15456	1034	5651	7753		1523	4055	2473		6847	966193	170003	32280
183_52B_flower.txt	D:\user_data\data_gctd2\kepu6533\170214_AI_RIL_Flower-VOC\183_52B_flower.qgd	47641	51178		43546	338974	82743	26688	174136	25679	3119	6127	18533	18547	109701	15419	7535	19921	48494	63781	292481	10259	18925	2616	19937	24208		9088	3659	20401	20281	9423			9780		7694	7813313	105159	49828
184_53B_flower.txt	D:\user_data\data_gctd2\kepu6533\170214_AI_RIL_Flower-VOC\184_53B_flower.qgd	30194	74029	1088	19809	531178	122120	8124	135751	79493	5732	10056	16203	17697	75133	30062	10995	31080	46658	59086	657939	7971	15792		12016	20409	6573	11197	7037	36188	39239	12357		2437	10231		72939	5978578	127864	71329
185_54B_flower.txt	D:\user_data\data_gctd2\kepu6533\170214_AI_RIL_Flower-VOC\185_54B_flower.qgd	2131	23432	122682	34930	265269	44664	35486	370518	23741		3427	17887	16415	188827	34520	3734	19326	31434	42730	140188	12115	24887	6242	18898	61888		7601	3852	16910	16856		4410	2794	2910		23153	20241648	63225	56634
186_55B_flower.txt	D:\user_data\data_gctd2\kepu6533\170214_AI_RIL_Flower-VOC\186_55B_flower.qgd	20238	55299	1848	11472	268250	36545	4219	69620	22347		1778	11581	11263	38931	4681	7274	17614	44055	57823	253667	9182	8276	722	61110	6733		9180	4807	24246	25693	8376		3150	9158		19688	115778	110412	48312
187_56B_flower.txt	D:\user_data\data_gctd2\kepu6533\170214_AI_RIL_Flower-VOC\187_56B_flower.qgd	36889	65502	190961	67641	598285	118430	15924	166542	64423	4429	9405	17703	16543	86971	26119	1425	30681	46076	60001	117292	11686	21420	1240	5126	27524		13310	1766	8693	9093	12241	3999	994	3870	1621	8745	6607046	86831	57365
188_57B_flower.txt	D:\user_data\data_gctd2\kepu6533\170214_AI_RIL_Flower-VOC\188_57B_flower.qgd	24522	58804	172614	18403	298185	56812	14769	213560	46918	4159	5688	25326	27173	139955	43102	4304	15019	38958	54019	85343	10410	44283	13076	11954	63056		9154	1388	6751	6751	12022	4819	2255	6169		502357	3968281	172448	88892
189_58B_flower.txt	D:\user_data\data_gctd2\kepu6533\170214_AI_RIL_Flower-VOC\189_58B_flower.qgd	18848	46899	2359	24892	326566	105004	24034	335616	38155	2658	9995	24963	24293	177686	1642	5875	17833	53802	69583	214840	9940	54710	3022	17588	62157		7801	2713	12808	13897	9957		4391	10439	3758	6587	7507986	59267	68807
190_59B_flower.txt	D:\user_data\data_gctd2\kepu6533\170214_AI_RIL_Flower-VOC\190_59B_flower.qgd	20267	62066	159212	32825	213590	34170	22423	233138	17552		2489	18612	18248	132699	22103	3649	27959	31220	40859	95819	2647	26593	4629	24902	2603		13307	2656	13187	10674	9652	2295	3099	6066		6383	426508	49615	61737
191_60B_flower.txt	D:\user_data\data_gctd2\kepu6533\170214_AI_RIL_Flower-VOC\191_60B_flower.qgd	17760	72633		16455	261278	41234	14612	216382	84100	1705	7433	20820	19614	137819	30294	10451	13684	26950	34357	481743	9053	28927	4773	7991	41089		7640	2405	18008	18008	17207		3634	15452		25435	1117032	91693	40975
192_61B_flower.txt	D:\user_data\data_gctd2\kepu6533\170214_AI_RIL_Flower-VOC\192_61B_flower.qgd	20122	56711	2985	39868	245594	64784	11988	107953	50918	3495	12584	13968	14819	93469	14576	15489	22864	38783	52794	1492986	14065	12427	1656	19014	19492		7667	6729	39268	39106	26186	1892	10567	24242		141885	23241514	128315	55114
193_62B_flower.txt	D:\user_data\data_gctd2\kepu6533\170214_AI_RIL_Flower-VOC\193_62B_flower.qgd	24462	45730	297112	23892	280921	72273	16837	164923	20961	1262	6566	22542	21311	126514	23186		20304	48039	65997	114436	11466	31056	5970	29684	37701		13769	2020	12102	12103	7511	7209	3448	5088		167158	25525634	137017	135148
194_63B_flower.txt	D:\user_data\data_gctd2\kepu6533\170214_AI_RIL_Flower-VOC\194_63B_flower.qgd	27758	77913	1721	14005	295197	66561	3470	113480	21811	2554	1390	7419	9164	59402	4834	10312	20655	34113	45165	439244	8829	9724		14682	15239		8904	3288	21795	21166	7314		5236	10915		47871	1826179	130892	37960
195_64B_flower.txt	D:\user_data\data_gctd2\kepu6533\170214_AI_RIL_Flower-VOC\195_64B_flower.qgd	20901	69228	2756	23925	147363	39218	9875	99132	33547	4904	5188	18725	20566	111989	16563	5826	20125	43356	53523	206680	8363	24140	2054	7172	45323		14772	2463	11543	11543	16588		2484	10375		8532	250144	64957	79717
196_65B_flower.txt	D:\user_data\data_gctd2\kepu6533\170214_AI_RIL_Flower-VOC\196_65B_flower.qgd	56027	41719	3158	13624	341311	97436	9561	109076	67020	2178	8409	22823	24229	121122	12820	12448	17790	78011	101202	1110019	12385	13758		8798	23646		9908	403	25215	25215	21908		7015	21211		493498	386437	169594	102056
197_66B_flower.txt	D:\user_data\data_gctd2\kepu6533\170214_AI_RIL_Flower-VOC\197_66B_flower.qgd	3804	47298	2942	38966	168957	64896	6199	172893	21861	3342	5510	17293	19041	108896	8624	12811	27574	17505	20643	1255226	13244	13213		17949	27042		11143	10777	71774	78851	8581		7066	15248		82844	17477566	179588	32696
198_67B_flower.txt	D:\user_data\data_gctd2\kepu6533\170214_AI_RIL_Flower-VOC\198_67B_flower.qgd	25284	58271	1280	17125	206414	65739	8092	119063	30388	2000	4784	18118	18524	106731	12325	8086	20191	27805	37402	593168	8953	16537		19994	23768		8923	5680	41308	44468	8237	1216	6922	9683		659283	128784	143970	32371
199_68B_flower.txt	D:\user_data\data_gctd2\kepu6533\170214_AI_RIL_Flower-VOC\199_68B_flower.qgd	1371	33338	182194	30935	233291	49770	25832	167474	21562		4402	1700	13808	154922	17505		7400	71417	84511	98502	4651	20602		16934	29412		5170	1168	8393	9780			1883	5062		4842	189200	59652	42143
200_69B_flower.txt	D:\user_data\data_gctd2\kepu6533\170214_AI_RIL_Flower-VOC\200_69B_flower.qgd	17559	51436	2123	16740	128407	43308	7516	76116	17007	2426	3416	10156	11752	69593	6305	5239	14525	32242	40672	304196	6800	7811		8302	16599	4818	4752	1748	26160	25632	9947		3698	9214		4947	6083815	53410	30793
201_71B_flower.txt	D:\user_data\data_gctd2\kepu6533\170214_AI_RIL_Flower-VOC\201_71B_flower.qgd	14366	25069	124459	10031	173623	45932	4505	93839	15504	1718	5069	9472	8002	105118	6887	3145	13577	39710	51717	136010	3644	12140		12196	30804		6333	2859	17073	20020	7273	10286	4092	4757		55104	324765	58047	75825
202_Ut4B_flower.txt	D:\user_data\data_gctd2\kepu6533\170214_AI_RIL_Flower-VOC\202_Ut4B_flower.qgd	16321	51782	2007	18363	243812	43045	6719	100340	28419	505	5794	11186	14610	103693	10095	7297	10947	29317	35417	409027	6731	10033	2289	13408	20175		4991	3461	26309	28429	12655		3709	12174		42523	23700589	114696	41217
203_Az4B_flower.txt	D:\user_data\data_gctd2\kepu6533\170214_AI_RIL_Flower-VOC\203_Az4B_flower.qgd	19976	45668	249357	18848	295279	74934	11082	128579	36354	4587	4781	12171	12448	80228	2065		20475	60174	70885	100083	10772	12839		11673	21579		7622	3408	14338	14804		6876	2122	4209		4018	97551	110417	47801
204_72B_flower.txt	D:\user_data\data_gctd2\kepu6533\170214_AI_RIL_Flower-VOC\204_72B_flower.qgd	18858	49160	156680	18336	290322	70645	17139	183748	20450	2389	11081	19272	18988	291865	23000	7459	22563	53812	70314	306883	10082	26894	2553	11296	67441		8052	3997	24225	26430	8985	3745	3736	9841		52590	125885	48391	101606
205_73B_flower.txt	D:\user_data\data_gctd2\kepu6533\170214_AI_RIL_Flower-VOC\205_73B_flower.qgd	26666	25252	1235	19264	148318	38215	24104	179724	26722	5965	1726	18320	18430	122211	17105	7527	5888	20395	24913	587842	7534	20328	2711	14715	1959		8664	3159	22463	24689	12030		3396	10791	3789	9751	46886	73911	23154
206_74B_flower.txt	D:\user_data\data_gctd2\kepu6533\170214_AI_RIL_Flower-VOC\206_74B_flower.qgd	16457	27547	180783	42605	252241	57719	30881	233102	20650	4005	8493	18733	18927	181154	31793	2391	15018	41565	51820	128628	8949	36476	3587	22523	70491		9661	2238	18792	18168	4990	6162	2829	4395	2012	9613	708191	61970	92079
207_75B_flower.txt	D:\user_data\data_gctd2\kepu6533\170214_AI_RIL_Flower-VOC\207_75B_flower.qgd	80618	37917	59788	20784	183427	40458	11674	81147	23391	1925	6360	21300	20892	103427	11464	5739	14477	48134	61537	330649	14306	14030	2781	17306	46017		9195	3108	16787	16787		38222	39411	6763		66071	6807675	106430	114157
208_76B_flower.txt	D:\user_data\data_gctd2\kepu6533\170214_AI_RIL_Flower-VOC\208_76B_flower.qgd	15029	23551	83362	14503	127637	36763	27570	151068	27946	1579	4297	17336	17481	152004	13246	4088	13188	24151	33106	149933	9003	19338	2369	10413	40562		8160	1738	11859	11859	6357	6782	2936	5145	1888	2439	164964	75401	51035
209_77B_flower.txt	D:\user_data\data_gctd2\kepu6533\170214_AI_RIL_Flower-VOC\209_77B_flower.qgd	12386	30952	1061	33124	670	48338	20330	214644	71133	4007	5076	18091	20381	186499	23491	5247	15517	26745	32805	185139	5671	32512		16255	48042		8026	1805	15366	14755	12193		3332	8633	4823	13153	2783988	131353	39271
210_78B_flower.txt	D:\user_data\data_gctd2\kepu6533\170214_AI_RIL_Flower-VOC\210_78B_flower.qgd	60236	44503	89600	46405	330141	64462	21204	123198	70222	5186	11943	8623	57898	163110	18329		18672	43538	54635	193982	7055	35564	2543	8136	47027		12728	2389	14179	14179	10724	38400	5676	4807	1305	211158	217827	113634	109054
211_79B_flower.txt	D:\user_data\data_gctd2\kepu6533\170214_AI_RIL_Flower-VOC\211_79B_flower.qgd	28842	90270	1759	30662	304110	125687	6790	101941	53987	1202	20027	17069	17021	199857	15463	10297	33973	36787	48332	746121	10751	25948	2345	23405	36197		14522	5081	35442	35442	19825		4772	22276		12997	228976	64253	98573
212_80B_flower.txt	D:\user_data\data_gctd2\kepu6533\170214_AI_RIL_Flower-VOC\212_80B_flower.qgd	20255	49818	2807	14087	883	48304	8848	101877	79231	1679	3856	8491	8200	72479	11533	8858	12332	28332	36725	405912	14945	13962		10780	18632		7023	814	23552	26877	19093		3833	9691		3620	180915	58834	34255
213_81B_flower.txt	D:\user_data\data_gctd2\kepu6533\170214_AI_RIL_Flower-VOC\213_81B_flower.qgd	1089	628	1271	57260	535556	93214	10897	157662	73036	3186	8036	11733	13791	74549	16661	7710	23022	42046	51556	382323	11323	18122		2767	25963		19942	1939	18363	21699	17745			10348	6650	4233	103935	73059	90996
214_82B_flower.txt	D:\user_data\data_gctd2\kepu6533\170214_AI_RIL_Flower-VOC\214_82B_flower.qgd	17401	40359	198271	16391	272440	72055	14975	142595	25483		8250	6596	12024	127822	15468	1974	16974	51828	69489	92972	3269	13575		13435	51657		7500	2378	10155	10772	6144		3122	4297		2921	877852	55456	100588
215_83B_flower.txt	D:\user_data\data_gctd2\kepu6533\170214_AI_RIL_Flower-VOC\215_83B_flower.qgd	17395	33917	160069	44345	242798	42871	23034	23485	63656		3845	12140	11412	113952	19313	3369	13758	65997	83774	178577	13707	14468		2378	32520		9363	1352	8727	11947	11444	14969	3812	5073	5073	6802	461341	71978	64335
216_84B_flower.txt	D:\user_data\data_gctd2\kepu6533\170214_AI_RIL_Flower-VOC\216_84B_flower.qgd	5591	24588	109218	43930	167212	59482	13710	83005	26819	5531	6335	4884	14173	67692	9176	202	12128	50137	65900	59272	1873	15486	599	17002	24949		7206	2967	18044	20814	7753	21130	9562	5263	6078	4652	23171956	71464	112362
217_85B_flower.txt	D:\user_data\data_gctd2\kepu6533\170214_AI_RIL_Flower-VOC\217_85B_flower.qgd	27562	27549	2195	32564	797	39584	16468	94550	45925	2222	5088	18340	19066	90619	1880	4947	11020	64865	79447	79161	11173	15525		14813	22213		5917	3264	18857	17421	7273		5928	7009	2180	4403	5426629	72403	63356
218_86B_flower.txt	D:\user_data\data_gctd2\kepu6533\170214_AI_RIL_Flower-VOC\218_86B_flower.qgd	15309	44039	317409	20070	612444	113606	20501	20501	153433		8372	13492	16238	185398	29219	3815	24253	102196	132182	132182	10380	35501	3707	6845	40011		12235	653	12358	12425	13094	19225	3073	8969	4244	5190	664232	75373	98217
219_87B_flower.txt	D:\user_data\data_gctd2\kepu6533\170214_AI_RIL_Flower-VOC\219_87B_flower.qgd	1172	40680	332014	17944	450633	77316	8772	113560	47731		9206	14273	15298	80786	2201	643	20154	42126	53668	53668	9366	15492	2224	17126	25839		10619	258	10152	11056	12737	1554	3144	7554	8237	5056	8825180	92463	107236
220_88B_flower.txt	D:\user_data\data_gctd2\kepu6533\170214_AI_RIL_Flower-VOC\220_88B_flower.qgd	23930	253	1716	27851	284337	69790	23152	23152	27494	4610	7025	5773	18587	137862	14038	3838	17997	79475	104412	104412	8073	25670	3187	647	37952		8314	1826	11646	13837			3108	4559		3328	1566379	73496	136857
221_89B_flower.txt	D:\user_data\data_gctd2\kepu6533\170214_AI_RIL_Flower-VOC\221_89B_flower.qgd	59684	59648	3088	26351	937	124194	32758	32758	143380	1355	17732	36710	40513	310976	47345	3474	17199	35924	47087	47087	13145	82440	7123	18165	113712		11362	277	5806	5806	16384	3953		5762		7388	12065547	170250	79037
222_90B_flower.txt	D:\user_data\data_gctd2\kepu6533\170214_AI_RIL_Flower-VOC\222_90B_flower.qgd	1313	299	2013	34626	463522	113617	36025	36025	30582	1425	9112	34634	52049	154198	27271		8386	68362	90098	90098	9565	29465	6527	1417	58304		12143	2626	1594	18841	11078	16948	11979	6654		7603	3168436	157612	195581
223_91B_flower.txt	D:\user_data\data_gctd2\kepu6533\170214_AI_RIL_Flower-VOC\223_91B_flower.qgd	12168	17971	75240	26698	1149	52727	8643	107301	28771		1993	12120	8657	42119	892		22031	52554	61178	61178	8284	17035		1528	25501		15081	516	9772	9189				3949		4402	2645271	76536	100862
224_93B_flower.txt	D:\user_data\data_gctd2\kepu6533\170214_AI_RIL_Flower-VOC\224_93B_flower.qgd	9950	13014	1470	20233	139325	25340	9919	9919	68071	996	4105	7144	13543	78530	9868	7375	12826	23616	29484	29484	5523	33454	1232		20476		6511	3137	21759	21617	10494		4899	9082	9420	82268	644772	83141	37383
225_94B_flower.txt	D:\user_data\data_gctd2\kepu6533\170214_AI_RIL_Flower-VOC\225_94B_flower.qgd	17018	72419	581	53040	296109	71127	11760	11760	70996		8685	19533	20097	146705	18991		18469	44748	55039	55039	5152	22826		29391	28570		7804	3195	2075	16338	9364	96896	3352	5151	5151	34670	34625	83860	54709
226_95B_flower.txt	D:\user_data\data_gctd2\kepu6533\170214_AI_RIL_Flower-VOC\226_95B_flower.qgd	15741	30978	239	21819	885	56701	6124	6124	26073		4669	9653	9673	58432	8894	11377	14731	26381	31649	31649	9250	9038		1257	17580		8422	9031	55335	55695	11156		5402	14187	14187	91192	55867	127449	39595
227_96B_flower.txt	D:\user_data\data_gctd2\kepu6533\170214_AI_RIL_Flower-VOC\227_96B_flower.qgd	4325	32790	1997	36310	668	93663	10329	132016	37760	4664	7930	13695	15083	65133	1458	9447	15072	42487	51323	51323	6706	33426	2116	26488	17216		5902	6612	5860	38165	11371	20124	13124	16561	17640	4901	24944539	107356	126516
228_97B_flower.txt	D:\user_data\data_gctd2\kepu6533\170214_AI_RIL_Flower-VOC\228_97B_flower.qgd	1547	50206	1966	27050	176	61306	8419	8419	31490	2768	1091	11906	14223	64346	1342	9324	23045	38168	49252	49252	7418	14732		21804	6879		8264	2613	18384	18787	7714		5395	11328	12632	4650	12490271	92620	121891
229_98B_flower.txt	D:\user_data\data_gctd2\kepu6533\170214_AI_RIL_Flower-VOC\229_98B_flower.qgd	36809	37816	1653	29695	1362	70508	14399	14399	22116	5045	12312	16793	20428	118534	61		16524	51912	65842	65842	12342	29687	2603	22809	44915		10423	2985	20652	18167	12909	26808	4965	7117	7307	4453	18456962	89364	132007
230_99B_flower.txt	D:\user_data\data_gctd2\kepu6533\170214_AI_RIL_Flower-VOC\230_99B_flower.qgd	11792	197	1002	6986	84	30610	6761	72077	61423	8154		8905	15311	84648	1556		18720	30227	37339	37339	10309	28868			31212		5854	6212	6606	39678	22064		10346	22291	22584	20489	11895239	55625	82642
231_100B_flower.txt	D:\user_data\data_gctd2\kepu6533\170214_AI_RIL_Flower-VOC\231_100B_flower.qgd	3957	332	2318	80255	573982	100990	13472	13472	84965	6814	11855	23001	21866	103302	31823	5690	29501	68976	89695	89695	5494	22669	4643	23189	32326		14290	314	7343	23083	16903	27373	29373	6815	3763	289317	14833131	186629	215827
232_101B_flower.txt	D:\user_data\data_gctd2\kepu6533\170214_AI_RIL_Flower-VOC\232_101B_flower.qgd	2204	116374	3366	24260	1057	146669	18181	279121	25228		6199	18416	18597	5737	14299	493	28703	78286	100226	100226	6225	15127	8967	16937	21328		16739	242	8444	14942	5783			5773	5943	5312	833176	78250	82687
233_102B_flower.txt	D:\user_data\data_gctd2\kepu6533\170214_AI_RIL_Flower-VOC\233_102B_flower.qgd	16226	12557	2087		251139	53740	11133	92016	32380		2788	18313	19368	54127	1862	2815	18604	27274	37977	37977	5885	12587		572	13538		8645	294	2541	13387		6363	2892	4378		5442	28386052	90989	27364
234_103B_flower.txt	D:\user_data\data_gctd2\kepu6533\170214_AI_RIL_Flower-VOC\234_103B_flower.qgd	17529	45008	2139		139149	26889	6916	57608	21028		2868	11258	10870	75183	13473	8082	13898	53341	68456	68456	15080	12529	444	19936	7130		6982	7312	5760	38384	20249		12301	18694	20326	41515	43464617	104726	155108
235_104B_flower.txt	D:\user_data\data_gctd2\kepu6533\170214_AI_RIL_Flower-VOC\235_104B_flower.qgd	13485	261	126076	16435	1084	26042	4289	4289	21024	2443	3858	13153	13262	42402	4096	6148	17152	57900	77862	77862	11721	6366		20438	14546		6622	381	22096	23250	10848	59282	4539	8403	8403	38433	22991681	79081	152389
236_106B_flower.txt	D:\user_data\data_gctd2\kepu6533\170214_AI_RIL_Flower-VOC\236_106B_flower.qgd	12565	41532	258602	14264	450349	78450	8634	171182	43978	2620	4943	11925	11650	127925	1700	3646	15410	44271	55112	55870	7571	16834	1011	7572	20085		9261	2121	7968	8328	4294	3826	4298	5146	4805	92279	7956215	119548	46939
237_108B_flower.txt	D:\user_data\data_gctd2\kepu6533\170214_AI_RIL_Flower-VOC\237_108B_flower.qgd	18673	1243	176307	12282	646039	90697	11257	11257	47588		6786	16382	15725	109068	1947	7297	24561	76390	99941	307448	11616	18911	2392	16017	5054		9869	1866	11025	13872	13072	5220	5282	10795	9283	5510	6778713	118883	87111
238_109B_flower.txt	D:\user_data\data_gctd2\kepu6533\170214_AI_RIL_Flower-VOC\238_109B_flower.qgd	19847	27343	327	22277	257317	85371	24363	179931	68978	3480	10083	15493	14909	172772	1053	4326	13358	44545	52980	296347	9366	32921	2490	21996	59587		7616	848	21725	21591	16237		2656	7673		12834	5546158	99626	57396
239_112B_flower.txt	D:\user_data\data_gctd2\kepu6533\170214_AI_RIL_Flower-VOC\239_112B_flower.qgd	18432	64999	265991	12498	320588	85022	14134	183316	62582	3237	6050	17808	16938	106615	924	6890	14357	49665	66131	200465	8702	18400	2428	35608	30635		16114	2650	14786	17298	12523		2542	8858		14270	1529355	63771	127625
240_113B_flower.txt	D:\user_data\data_gctd2\kepu6533\170214_AI_RIL_Flower-VOC\240_113B_flower.qgd	18340	47773	1268	27192	366809	102374	23557	406216	34354	1664	7139	27875	28496	334510	34991	9148	24826	66501	84372	412472	12210	37590	3267	17620	66614		14930	3309	21745	20738	10223	1388	6417	10471		14601	37616454	109627	54260
241_114B_flower.txt	D:\user_data\data_gctd2\kepu6533\170214_AI_RIL_Flower-VOC\241_114B_flower.qgd	13722	38133	602		565	4011		6484	21291			5757					1945							14003			4568					744	444			1244	438841	23232	
242_115B_flower.txt	D:\user_data\data_gctd2\kepu6533\170214_AI_RIL_Flower-VOC\242_115B_flower.qgd	40444	48841	226358	27255	314374	69116	11649	135128	75637	1361	11146	24278	24506	146476	29454	3554	18076	43733	53722	84189	9505	28753	4682	17126	62947		11958		8687	8325	11857	3376	4214	4108		13150	1764281	124252	104396
243_118B_flower.txt	D:\user_data\data_gctd2\kepu6533\170214_AI_RIL_Flower-VOC\243_118B_flower.qgd	28917	46700	151351	20550	282580	68734	35306	322477	26773	2147	5703	18980	18389	147628	1347	4155	17706	26628	35040	160851	10341	16772	3202	10009	30613		8199	3706	21670	20724	7828	19718	6818	4519		2596	2919840	60815	29438
244_119B_flower.txt	D:\user_data\data_gctd2\kepu6533\170214_AI_RIL_Flower-VOC\244_119B_flower.qgd	47197	123571	133592	46845	522755	157279	16384	228335	82314	6281	19602	20215	21051	195558	48277	2258	26238	22394	31908	81897	8943	54716	5601	27465	49238		12122	1485	11736	11736	10807	20855		6518		80143	23696593	180159	76157
245_120B_flower.txt	D:\user_data\data_gctd2\kepu6533\170214_AI_RIL_Flower-VOC\245_120B_flower.qgd	24019	43909	850	23942	357861	82813	27738	403208	25077	3242	8395	26399	25776	281952	39116	6022	20824	22683	31158	217317	8510	39094	4126	32560	60227		7131	3148	21408	21281	8974		6956	8058		3744	39787947	105343	35649
246_121B_flower.txt	D:\user_data\data_gctd2\kepu6533\170214_AI_RIL_Flower-VOC\246_121B_flower.qgd	19840	31371	136683	12564	348141	104909	10751	237044	31298	1001	4623	14097	14942	109622	20302	6156	22363	28814	36253	124758	9738	39526	1376	5877	34325		9249	2585	15104	17523	10227			5521		5971	2439091	64503	84481
247_122B_flower.txt	D:\user_data\data_gctd2\kepu6533\170214_AI_RIL_Flower-VOC\247_122B_flower.qgd	19461	42807	123091	48654	284789	42237	13182	131809	24653	3346	7684	13060	13615	116474	22315	3949	18879	50120	62931	189896	5861	37540	4954	183	35263		11282	2817	13016	11914		6731	2908	6424		188848	1425243	63128	105606
248_124B_flower.txt	D:\user_data\data_gctd2\kepu6533\170214_AI_RIL_Flower-VOC\248_124B_flower.qgd	22885	75473	423250	28105	491921	63174	11943	211984	27356		4638	14843	14926	118167	19238	3980	27798	39243	55728	108192	2848	29283	3343	19872	31981		13777	5731	35556	37978	4064	12880	5924	3375		16854	1372664	68744	92234
249_125B_flower.txt	D:\user_data\data_gctd2\kepu6533\170214_AI_RIL_Flower-VOC\249_125B_flower.qgd	14035	34694	456	26982	125136	21500	9966	116259	24914	1780	5374	9126	8931	129130	20267	8113	21924	69956	88779	598233	15094	6237	3476	12884	42002		9040	6585	40203	46854	13304		11297	14039		6247708	20079067	104902	160900
250_126B_flower.txt	D:\user_data\data_gctd2\kepu6533\170214_AI_RIL_Flower-VOC\250_126B_flower.qgd	18254	117057	2628	24459	589542	113779	13849	240005	76567		8928	11330	14023	132159	15343	3451	45631	27846	37282	192572	6762	31324	2282	30006	25963		21604	1905	9658	10594	8509		3767	8681		14766	34091365	111127	40945
251_127B_flower.txt	D:\user_data\data_gctd2\kepu6533\170214_AI_RIL_Flower-VOC\251_127B_flower.qgd	25612	59330	266205	77580	384162	96525	54722	389078	38928	5722	15467	38182	36812	328913	94265	5066	25790	113578	143416	196733	12774	74620	12309	17530	103470		14474	2323	14511	12755	10204	18470	4761	9674		4992	40907636	59650	259555
252_128B_flower.txt	D:\user_data\data_gctd2\kepu6533\170214_AI_RIL_Flower-VOC\252_128B_flower.qgd	45819	104196	531288	40536	847811	162477	9071	403497	80414	4937	24469	20044	20070	455864	49333	3115	26309	61238	82662	123225	7786	60221	2942	26362	60729		11912	2197	14242	16082	11218	7216	3871	9046		32760	19072301	77574	169649
253_129B_flower.txt	D:\user_data\data_gctd2\kepu6533\170214_AI_RIL_Flower-VOC\253_129B_flower.qgd	54626	42442	1939	22362	198330	44001	7385	134971	53722	4135	8117	14241	15042	102000	9778	14250	18754	42149	57463	1349211	12676	27361	1372	9510	26360		9670	8678	62785	64499	19054		5506	15605		235966	784982	53296	132413
254_130B_flower.txt	D:\user_data\data_gctd2\kepu6533\170214_AI_RIL_Flower-VOC\254_130B_flower.qgd	22190	48495	215658	8295	333410	42522	8672	101309	32980	3073	11718	5674	12629	102524	16582	8461	15412	75717	96329	526491	9478	7164	2951	20734	27942		9567	4647	28267	31159	10223	41288	44357	8836		308838	716828	166652	161398
255_131B_flower.txt	D:\user_data\data_gctd2\kepu6533\170214_AI_RIL_Flower-VOC\255_131B_flower.qgd	24418	31357	807	10941	224391	45201	14514	166640	23685	954	7453	17769	14683	140588	24997	6934	15770	45008	57767	351267	15971	40189	3648	18333	62679		9735	5827	38610	47357	10365		8018	10678		29024	9362883	64669	125154
256_133B_flower.txt	D:\user_data\data_gctd2\kepu6533\170214_AI_RIL_Flower-VOC\256_133B_flower.qgd	45786	51958	142261	7206	260059	48738	12004	189313	27905	2432	4978	12005	14356	125051	15277	13844	23794	22077	25727	1002530	9334	27865	2054	9379	35811		11208	4537	23298	26109	11049		4008	15577		15729	5647420	156678	33463
257_134B_flower.txt	D:\user_data\data_gctd2\kepu6533\170214_AI_RIL_Flower-VOC\257_134B_flower.qgd	22087	50137	155702	48918	337763	128799	17513	259398	73884	5229	12518	20564	19213	111696	17717	7165	21353	41001	57305	301014	5507	40978	4100	14626	53047		18536	1488	12661	13786	11332			8162		1245	1845881	92354	93585
258_135B_flower.txt	D:\user_data\data_gctd2\kepu6533\170214_AI_RIL_Flower-VOC\258_135B_flower.qgd	26446	98463	356824	15132	510955	78542	3647	72782	25496	3340	7550	10017	8607	51463	8347	2226	30825	94879	126139	102183	10811	15419	674	28654	17114		15091	1285	8248	10283	6142	23677	24526	4756		19118	15252904	62496	168860
259_136B_flower.txt	D:\user_data\data_gctd2\kepu6533\170214_AI_RIL_Flower-VOC\259_136B_flower.qgd	15445	72485	1663	12945	284703	80561	8390	220724	79413	2455	13747	15936	14669	244973	16073	14300	25929	47064	59598	669571	9650	43989	1573	14323	48603		14641	4014	24505	31210	23574		2533	21881	4138	5578	380691	89548	61961
260_137B_flower.txt	D:\user_data\data_gctd2\kepu6533\170214_AI_RIL_Flower-VOC\260_137B_flower.qgd	25046	87095	1937	15621	301943	67269	12078	212496	69014	2885	458	8996	10429	95896	18459	6818	16675	26608	37966	151505	6825	30192	1616	8018	18437		15677	5728	21278	22629	11424	2259	5472	7538		10518	598277	79618	26022
261_138B_flower.txt	D:\user_data\data_gctd2\kepu6533\170214_AI_RIL_Flower-VOC\261_138B_flower.qgd	22924	34839	78347	7740	235974	50703	6165	98325	32927	898	1980	11027	10107	50173	6681	2336	17448	24195	32277	76593	5275	19926	534	15908	16117		10023	2817	15134	18198	2241	12385	3579	3634		14920	3556157	58015	35961
262_139B_flower.txt	D:\user_data\data_gctd2\kepu6533\170214_AI_RIL_Flower-VOC\262_139B_flower.qgd	21874	34101	164557	14545	318483	63353	10028	177808	28836	2243	6112	14041	13508	90679	11152	7093	19860	57198	68986	282464	7522	19428		13453	26971		13331	3427	22575	26190	5836	5784		7661	2528	5806	1963265	90656	67374
263_140B_flower.txt	D:\user_data\data_gctd2\kepu6533\170214_AI_RIL_Flower-VOC\263_140B_flower.qgd	18596	26612	165926	6955	188255	60152	12842	144605	33027	3547	6120	12442	12437	100025	7993	7255	16370	43469	50003	324505	10938	29210		17650	22993		15172	5862	32218	38891	9016	41008	6381	9268		7317	1610943	66583	60145
264_141B_flower.txt	D:\user_data\data_gctd2\kepu6533\170214_AI_RIL_Flower-VOC\264_141B_flower.qgd	53339	54190	1485	15123	178015	79587	8831	154127	26050	4532	5800	14262	13820	84230	5666	13925	22098	24093	29381	627910	6027	16101		12703	20361		14114	7821	53309	61411	16395		7648	19339		3064	9619278	106649	45408
265_142B_flower.txt	D:\user_data\data_gctd2\kepu6533\170214_AI_RIL_Flower-VOC\265_142B_flower.qgd	20310	53686	166058	6729	253560	76501	13664	235871	30557	1547	7985	15961	16122	145651	12985	3013	17877	20165	27282	119625	7161	22272		27248	23529		14434	2640	18015	24195	4656	10268	2635	4357		12671	919249	85437	22599
266_143B_flower.txt	D:\user_data\data_gctd2\kepu6533\170214_AI_RIL_Flower-VOC\266_143B_flower.qgd	32558	89832	258074	27437	475563	164723	14201	213440	98815	6041	19085	15559	15159	162710	23727	3150	24407	58488	69159	59754	1545	34078		13890	23107		15085	2978	14494	14894	8667	8818	6505	4761	1035	21979	20339462	107388	54113
267_144B_flower.txt	D:\user_data\data_gctd2\kepu6533\170214_AI_RIL_Flower-VOC\267_144B_flower.qgd	26751	68369	840	23413	466484	188613	13660	191024	65774	9159	27601	18129	18241	194491	29174	17348	25036	42944	58292	1038911	16468	50981	5013	19549	65030		13467	6573	42632	46075	29973	1505	9767	30914	9100	161297	25872222	66133	142321
268_145B_flower.txt	D:\user_data\data_gctd2\kepu6533\170214_AI_RIL_Flower-VOC\268_145B_flower.qgd	22038	57541	105848	5654	165496	49900	7176	114089	26495	2953	3779	11204	10771	55183	4835	5504	16692	49761	62362	137381	5355	15042		13863	11157		14265		10435	9704	4529	8672	3807	7202		13469	7080610	114662	56207
269_148B_flower.txt	D:\user_data\data_gctd2\kepu6533\170214_AI_RIL_Flower-VOC\269_148B_flower.qgd	26265	78877	522125	47863	471871	113252	7493	183750	89968	4588	11627	14369		108091	16210		18781	28386	36943	63021	6174	26969	1106	13238	13678		12238	1211	7756	8115	8861	7958	3649	4831		986121	5665184	237052	41486
270_Ut5B_flower.txt	D:\user_data\data_gctd2\kepu6533\170214_AI_RIL_Flower-VOC\270_Ut5B_flower.qgd	21217	80290	624	41079	319269	51716	3542	141095	55527	4855	7802	13657	14665	127471	17503	8980	12276	42163	54970	416046	6346	26793	2502	17066	22560	4036	14569	3368	20033	22319	17507		4627	14892	3932	348878	19248585	141912	123647
271_Az5B_flower.txt	D:\user_data\data_gctd2\kepu6533\170214_AI_RIL_Flower-VOC\271_Az5B_flower.qgd	19555	76705	398415	23707	331291	67107	33139	301630	35430	1954	3637	18311	17573	143661	23856	3338	26584	48135	59381	121072	9587	42619	4623	15135	49155		14161	3968	22181	22703	1316	12972	2715	4535		60872	893180	80406	53035
B-3.txt	D:\user_data\data_gctd2\kepu6533\170214_AI_RIL_Flower-VOC\B-3.qgd	65297	40868	251	23798	1594911	299345	9164	781312	56620	6180	1986	16572	15114	57123	16797		11495	7263	8862	81334	2631	30316	2612	9444	22557		13484	333					1690	2966	816	2223	3181377	120761	35374
B-4.txt	D:\user_data\data_gctd2\kepu6533\170214_AI_RIL_Flower-VOC\B-4.qgd	1681	75292	3003	24129	1597972	346776	17396	17396	39512	4306	1921	3596	33385	82085	20965	2027	32044	15107	19023	18938		30339	9461	14857	37177		23811				6281		2369			3349	18952375	166246	39128
B-5.txt	D:\user_data\data_gctd2\kepu6533\170214_AI_RIL_Flower-VOC\B-5.qgd	38447	66930		30140	1548437	264831	7529	810288	52339	3745	1996	13154	13154	75319	20772		15073	21266	26463	82612	1703	40181	1994	10980	50689		14406		1244				2832	6423		4373	32067123	137779	73806
B-6.txt	D:\user_data\data_gctd2\kepu6533\170214_AI_RIL_Flower-VOC\B-6.qgd	19575		682		21414	4027		16777									270						210	14158					400								114932	5323	
B-7.txt	D:\user_data\data_gctd2\kepu6533\170214_AI_RIL_Flower-VOC\B-7.qgd	12706	93322	955	5193	51022	31480		43646	25265	2251							8164			5864				51788			6858		393			386	1288			4085	1577617	230753	
B1_flower.txt	D:\user_data\data_gctd2\kepu6533\170214_AI_RIL_Flower-VOC\B1_flower.qgd	41987	71657	1331	34734	1268614	209251	10587	489020	49398	1089	2624	20742	21170	65088	13624		16296	23289	32066	37888	1069	26778	2160	13363	21002		24322	1013		2751				6025		2111	9655751	132900	59267
B2_flower.txt	D:\user_data\data_gctd2\kepu6533\170214_AI_RIL_Flower-VOC\B2_flower.qgd	75758	88078	14675	31667	1585578	471076	29976	1319897	61410		1204	40554	39691	103432	19210		27147	10652	14292	12438	983	34674		7617	50103		24361	167	1419					4363		3718	3227419	203372	50057
Empty_1.txt	D:\user_data\data_gctd2\kepu6533\170214_AI_RIL_Flower-VOC\Empty_1.qgd	12600				1498			2368								479	214												612			699	1062						
Empty_10.txt	D:\user_data\data_gctd2\kepu6533\170214_AI_RIL_Flower-VOC\Empty_10.qgd	4313	1296	551		329						353				232	1369	139				122			11903					512			373	185						
Empty_11.txt	D:\user_data\data_gctd2\kepu6533\170214_AI_RIL_Flower-VOC\Empty_11.qgd	7455	374	47		1767					603					52		81				296			5773	1528				261			256					10907		
Empty_12.txt	D:\user_data\data_gctd2\kepu6533\170214_AI_RIL_Flower-VOC\Empty_12.qgd		533	473		1514												18				208		325					383	158		1154		398						
Empty_13.txt	D:\user_data\data_gctd2\kepu6533\170214_AI_RIL_Flower-VOC\Empty_13.qgd	5864	362	834		334						186						356							9059					233		460		491						
Empty_14.txt	D:\user_data\data_gctd2\kepu6533\170214_AI_RIL_Flower-VOC\Empty_14.qgd			375		1332							888			349		57						263	13408				138	431				216			386	10685		
Empty_15.txt	D:\user_data\data_gctd2\kepu6533\170214_AI_RIL_Flower-VOC\Empty_15.qgd	5762		321		1149			268									384				191				3477						594	135	740						
Empty_16.txt	D:\user_data\data_gctd2\kepu6533\170214_AI_RIL_Flower-VOC\Empty_16.qgd		671	366		937												270						526	497									731						
Empty_17.txt	D:\user_data\data_gctd2\kepu6533\170214_AI_RIL_Flower-VOC\Empty_17.qgd	3727		585		1071										476		305											116	451				449						
Empty_18.txt	D:\user_data\data_gctd2\kepu6533\170214_AI_RIL_Flower-VOC\Empty_18.qgd	308	316	609		279					334		1133			319	448	170				189								265							331			
Empty_19.txt	D:\user_data\data_gctd2\kepu6533\170214_AI_RIL_Flower-VOC\Empty_19.qgd			424		834					389		1500			975	805	301							10512				183	329								7757		
Empty_2.txt	D:\user_data\data_gctd2\kepu6533\170214_AI_RIL_Flower-VOC\Empty_2.qgd	9213		391		1593					533					783		176												102			337	510			4774			
Empty_20.txt	D:\user_data\data_gctd2\kepu6533\170214_AI_RIL_Flower-VOC\Empty_20.qgd	5372		264		459					424		42			277		406						128					260				488	552				5521		
Empty_3.txt	D:\user_data\data_gctd2\kepu6533\170214_AI_RIL_Flower-VOC\Empty_3.qgd	7275		220		1252					516					924		448	565						5582									92				9797		
Empty_4.txt	D:\user_data\data_gctd2\kepu6533\170214_AI_RIL_Flower-VOC\Empty_4.qgd			402		1499			761		346	406						530	288			46			11049					365								18732		
Empty_5.txt	D:\user_data\data_gctd2\kepu6533\170214_AI_RIL_Flower-VOC\Empty_5.qgd	6084	191	922		1225			306			379						215	224											831		422		424						
Empty_6.txt	D:\user_data\data_gctd2\kepu6533\170214_AI_RIL_Flower-VOC\Empty_6.qgd			260		674										127		426				117		686						306			282				322			
Empty_7.txt	D:\user_data\data_gctd2\kepu6533\170214_AI_RIL_Flower-VOC\Empty_7.qgd	6704	277	393		1356			1183		295		524			579		280				257								219				482						
Empty_8.txt	D:\user_data\data_gctd2\kepu6533\170214_AI_RIL_Flower-VOC\Empty_8.qgd	5837		204		1164					1277					655	994	245				266								283		1163						7494		
Empty_9.txt	D:\user_data\data_gctd2\kepu6533\170214_AI_RIL_Flower-VOC\Empty_9.qgd		694	449		1019			1800			650				650	380	491												112		359	345					5990		