ID	Genotype	 1-Hexanal	E-beta-Ocimene	 3(Z)-Hexen-1-ol-acetate 	 Isohexanol	 1-Hexanol	 3(Z)-hexenyl-propanoate	 4(Z)-Hexenyl-butanoate	 2(E)-Hexenyl-butanoate	 n-Hexyl-butanoate	 Hexyl 2-methylbutanoate	 3(Z)-Hexenyl-butanoate	 3(Z)-hexenyl-valerate	 3(Z)-Hexenyl-isovalerate	  Linalooll	 alpha-Duprezianene	TAB	 beta-Elemene	 3(Z)-Hexenylcaproate	 4(E)-Hexenyl-hexanoate	 5-Hexenyl-hexanoate	 (E)-Hex-3-enyl(E)-2-methylbut-2-enoate	 alpha-Terpineol	 sesquiterpeneRT22.7	 sesquiterpeneRT22.8	 sesquiterpeneRT23.0	 3(Z)-Hexen-1-oltrifluoroacetate	 alpha-Farnesene	 sesquiterpeneRT23.8	 Sesquiphellandrene	 sesquiterpenoidRT24.2	Nicotine	 Benzyl-alcohol	 sesquiterpeneRT27.3
33A	33A	34276	12036	97681	87777	88648	224839	1701643	125880	82048	35318	2490576	2131087	120430	42847	69883	39522	3000	1088627	285133	37688	644711	160302	3000	3000	3000	126365	3000	3166	3000	3000	6847284	1913296	200632
117A	117A	33350	452423	79737	60991	102020	369410	2068733	232705	101338	84856	2101277	2803454	238550	9329	142444	32575	3000	2642115	832752	35992	2005258	368204	3000	8151	6043	281114	22713	3659	3968	3000	20702272	1134533	435663
142B	142B	27270	246619	42581	65200	62888	170491	1186316	129024	48008	51168	953889	1520403	194674	98681	208284	37928	3000	1715829	1176267	44372	1693778	750938	3000	27902	20508	413796	15040	4387	3000	3000	21225831	1021766	893496
28A	28A	49648	668173	141785	69202	96122	441605	2385005	213344	178720	89887	5017993	3684846	281209	14697	303540	91105	8177	3167670	2858762	128428	3835166	2273952	9271	41710	38904	1411359	41152	7416	5784	3000	2973611	913772	978815
104A	104A	30073	1132264	356292	149165	88866	850507	5417179	472553	139557	130185	4019677	4944332	732756	141975	586274	107812	7465	5587614	1913303	63234	2560052	655029	5747	28681	25869	511436	31629	10311	3151	3000	29350051	906107	1024192
94A	94A	31056	336610	99789	62689	70923	308742	1777793	124511	116873	64748	5071481	3875515	132216	8147	87227	31426	3000	1171819	801943	90422	955340	269982	5255	3448	3448	720143	25137	3000	3000	3000	4144026	1564401	336159
22A	22A	75853	268390	173089	84330	114937	351951	2227297	292836	57537	34384	1318901	1298720	76458	64311	142686	29996	3000	349419	253683	25250	453624	230243	3000	3888	3888	80106	3149	3417	4226	3000	11314014	1636217	238094
102B	102B	30345	240330	69807	61943	45734	211308	1045605	91163	55684	32161	1777364	1477313	138915	106425	207280	209712	3000	1273173	830905	47110	1475761	858222	3000	16067	18827	283757	17905	4484	3000	3000	14755987	865692	757580
14B	14B	53107	129844	81770	53272	52880	235170	1689652	125341	28178	20711	808890	936253	78862	11818	45881	10915	3000	400320	252866	23080	412539	183879	3000	3236	3000	86719	8222	6778	3000	3000	7568812	2458331	137218
115B	115B	43667	446382	137580	91357	83924	332630	2377754	105128	82838	58389	3465885	3055096	105791	74192	129718	61187	3000	931537	350842	53298	832943	256700	3000	7998	6443	366429	25116	3000	3778	3000	14172318	2235444	456262
87B	87B	32511	825179	117014	73502	48948	259496	1373648	90759	54497	42716	1675046	1897052	124995	7847	148502	160114	3000	940092	463197	29463	930255	522603	3000	5030	9992	170962	29160	6080	3954	3000	33352937	1315928	585499
139B	139B	33457	285102	66674	48577	38550	198299	1103558	116752	35879	31854	843866	1240673	120751	50096	173064	24134	3000	1172956	716819	32799	1073007	321435	3000	6121	3000	257988	9471	3381	3000	3000	21340958	1451122	627817
48B	48B	35915	462130	149759	164073	104997	545186	2955067	254857	98005	74932	2615919	3262230	258441	10846	251957	34378	3000	2556916	1078105	51391	1731890	629480	3221	15230	6545	395236	36262	3000	3000	3000	6706608	1316914	683521
128B	128B	34497	342226	56774	73173	49392	135303	828370	66741	35718	22307	1455082	1527761	146553	101981	149864	56717	3000	1921053	696659	44698	1775950	965155	3000	3000	3000	316892	15971	3000	3000	3000	40083877	841304	713371
133B	133B	26657	356760	44400	111466	51996	162931	848488	64101	64965	24339	2557894	1376738	138907	98171	256623	101461	5440	1822722	834199	65792	1606792	978416	6659	38579	39007	503822	55548	6320	3000	3023	9427159	739050	1347948
136A	136A	39417	522434	62465	58236	49227	239641	1356790	111715	49281	37972	1281248	1449583	97414	4528	41478	28986	3000	886165	752476	35328	1106417	448145	4904	5072	3777	298531	13137	3000	3000	3025	20739722	1419888	214612
114A	114A	29599	254912	158270	142875	222826	588250	3722184	197527	191941	143848	3184080	5444039	360189	13369	168651	42480	7254	5158107	2148480	82192	3609132	1037572	3037	21141	9135	710079	14340	6698	7528	3041	25813253	962972	531276
84B	84B	88306	400687	141449	62236	55573	439939	2711634	100991	47334	51819	1784046	1915756	137952	10404	224465	34243	3000	1221937	441552	25597	737839	200257	3000	9309	9309	157770	4772	4772	3000	3191	17409153	1596878	482630
94B	94B	36970	527514	97951	77841	87849	468179	2208751	102136	118511	64697	4908574	3771913	199106	9711	190902	192752	3000	1678167	609402	76768	1870723	451328	3000	6793	9560	431741	20160	4279	3315	3248	8145554	1166037	570774
19B	19B	333703	120797	57116	24298	28398	173379	888125	123452	61698	35108	1885664	1707262	141535	10495	97853	35364	7287	1303809	853372	40680	1668956	666448	7642	10587	7043	269410	30234	5684	3000	3277	35234601	1023645	600354
84A	84A	35154	570994	199079	59909	53940	405397	1351483	134808	85836	34561	3079826	1601676	99292	8907	72891	66207	3000	913677	821918	49876	1248766	643659	6820	12808	8447	468814	26020	3000	3000	3376	11907719	1622988	318755
140B	140B	38785	305861	56613	20417	26858	198209	917031	98972	39273	31444	854121	1221371	106560	10098	108983	16344	3000	1130035	665889	30190	1107354	247575	3000	5134	4115	243577	5808	3000	3000	3391	18056472	1148847	577746
Az5B	Az5B	33082	284392	162570	44156	51041	261122	1312796	84317	47638	23250	2444863	2122771	93903	29249	151883	20830	3000	1025207	213706	33604	586592	140404	3000	4571	3342	241954	43708	3000	3640	3447	3948175	1954101	437323
46B	46B	29700	541877	54530	64752	51415	172294	994674	88445	41752	27845	1271251	981219	138505	171273	218449	96166	3000	1172417	475392	29206	1114469	525926	3000	6449	5566	183329	14826	3000	4246	3521	29706618	1325509	824900
114B	114B	20966	309927	73745	134277	76097	207584	1702026	145405	59816	34264	1223138	1198090	82556	60261	315602	27273	3000	844911	334686	23691	575084	221895	3000	4635	3000	111742	11391	3000	3000	3539	16674843	1288415	927955
47B	47B	58855	11630	23948	40098	33141	109436	811518	92208	33268	38117	828966	1167059	177327	44235	68079	74328	3000	1850995	692565	30766	1113318	359284	3000	9482	6314	248833	3494	3000	3000	3579	49711738	941305	412476
16B	16B	31282	294997	140803	34558	40406	387230	1370555	88649	84780	37084	3982407	2890363	133675	6934	66926	30276	3000	1588053	1535933	97955	1903902	652132	3000	6626	6683	819309	24180	3000	3000	3580	5738510	1557286	390137
12B	12B	19498	10669	71908	72114	53743	190284	693877	42707	49504	40025	1286326	1388796	107410	35209	178149	218691	3000	964305	236544	22880	671084	292277	3000	17608	18493	85390	3000	4388	4670	3737	39402	281868	156106
109A	109A	35465	375210	105923	40611	53392	282903	1086622	100189	45410	27214	1567187	1241195	87535	128697	49104	45168	3000	691012	490561	42184	936139	692555	3000	3000	3000	261834	13071	3000	3695	3751	11512306	1359533	228345
91B	91B	38110	466386	63339	85766	56235	235078	1154717	71277	61581	42786	1771010	1651861	129239	246496	191973	87778	3690	1116407	731868	47366	1603352	935629	3000	13174	13174	404786	30477	5678	4627	3767	11297145	1307220	685711
139A	139A	46288	963931	58073	91861	114496	138137	971746	132385	57609	54589	822260	1149124	222939	246985	580135	121223	5509	1813836	730346	37437	1379710	1034180	20381	17021	7339	202070	20656	4727	7277	3952	47718279	792621	1805169
112B	112B	40496	707170	63176	38178	43494	182019	954330	79466	59961	28357	1782095	1192006	61022	67287	171606	104825	3000	400810	214205	39157	680178	427666	3000	17758	14899	156337	54437	5760	3992	3966	15582985	1364686	645854
83B	83B	24286	784863	117789	48129	41094	257588	1066107	74345	58216	42318	1857176	1631656	128415	8535	129079	131340	3000	968918	510698	42802	1612242	1148930	3000	8931	6065	259312	12140	3956	3953	3989	36638751	1023077	563560
101B	101B	46029	493560	105487	55109	46883	178997	808840	78607	47832	14692	1203317	674861	70973	55964	334241	34875	3000	481679	332104	25099	738973	187647	3000	8070	3569	138853	8194	3000	3000	4030	12997227	1567452	1306535
51B	51B	34628	144384	58496	78204	65211	214976	1587125	145426	49513	33282	1352400	1486556	107731	39327	86785	16911	3000	1126295	667876	36031	838521	264229	3000	3333	3000	240563	5077	3000	3000	4086	14702569	2050938	374398
119A	119A	34714	1099321	192500	92475	109875	572788	2126038	160977	140274	91664	3781828	4325395	291553	124441	222418	42237	10438	4573288	2031991	89775	3258640	1594658	3000	8334	7071	1013710	39589	4185	3000	4126	15049910	774963	699265
124B	124B	27778	1464479	111293	63870	65643	214993	1786651	124275	70329	32927	2401800	1802764	97967	61892	180012	49429	3000	1061489	507573	40546	1063083	280193	3000	14346	7878	295497	93696	3000	3000	4127	12791075	1705442	590320
34B	34B	31277	548285	38157	63253	49853	137782	939786	107999	56887	49409	851250	961068	132694	9919	327662	135653	10493	1103269	788221	43143	1298498	756667	6000	40670	37655	219100	24230	10803	7046	4138	33866220	721495	1264250
140A	140A	37292	877367	199562	94543	141770	724378	4089711	236093	157614	70969	6024431	3965624	223936	198856	197418	100562	3000	2797802	1015747	67993	1775762	985130	7221	12561	9234	636695	22864	3000	5889	4162	6370297	1664011	530264
Az3B	Az3B	29146	684617	262925	199334	121510	706614	3632873	115931	94209	53170	4622261	4555240	184309	66686	326917	36069	3000	1943580	610734	56102	1201514	201850	3000	12328	7882	388006	24573	3000	3342	4179	5498926	1654092	863975
104B	104B	41556	179096	101820	38610	26411	209142	960792	77779	46893	27644	1593906	1129192	103830	6050	102610	34131	3000	603021	224699	29882	651430	209528	3000	5199	4738	114651	19104	3000	3000	4318	5850244	1231005	358633
76B	76B	34203	54271	60219	19587	24099	76917	497691	55011	18516	8370	871403	709640	18734	9667	39410	9869	3000	152901	29225	21143	97042	49790	3000	3000	3000	55134	4607	3000	3000	4326	1159912	2873336	109047
70A	70A	27442	115521	118949	73838	70745	315201	1516138	153815	59977	29864	1287630	1324552	131589	112370	194789	43505	3000	848732	454738	36163	795129	221062	3000	9147	3000	152684	8089	3000	3000	4356	24351626	2213437	636395
78B	78B	69191	1557515	199590	109020	94984	527123	2442922	109886	96532	69675	3943054	3883222	219872	91183	226622	115560	11660	2078328	634876	58522	1471374	921856	4484	21695	15323	404337	29876	13910	3000	4402	16229865	1056605	639422
107A	107A	68144	1618554	198271	138262	99959	580656	3060993	197275	150137	85316	5166540	4081427	233053	9791	267435	91331	4845	2717945	1195260	76020	1846591	1281949	3000	15648	8688	655052	129770	3000	3223	4460	9733376	1354676	772885
21B	21B	49054	135042	44352	31949	38113	129909	880115	91950	27836	19127	1067070	1035140	76994	10366	54620	20810	3000	380345	177820	24947	628926	173358	3000	3000	3000	119040	3745	3000	3000	4489	17362662	2348231	224422
138B	138B	53560	493643	91639	67760	80514	260933	1359926	120807	46747	35151	1248227	1274594	130141	82160	80338	36968	3000	1036543	630470	33912	1076675	507606	3000	3152	3000	302778	19369	3219	3000	4500	15257381	1421685	354816
31B	31B	32564	210760	68433	63474	38067	177579	830942	109660	42748	29949	1524105	1369915	168062	200213	208338	130983	3000	1866703	791862	52311	1736912	911892	3000	16271	9964	341239	8717	5887	5125	4528	43186612	802995	862059
88B	88B	200030	416326	84946	26605	33989	211603	1092137	100251	42208	25544	1036170	1056659	62080	81695	80120	25850	3000	684137	347170	21920	635596	253000	3000	3000	3000	183223	4218	3000	3000	4584	22309452	1847128	350744
89B	89B	29785	281740	50903	31500	36154	211517	966594	113448	66529	40982	1730778	1756748	82489	135811	134176	29749	3000	698271	472799	49882	1055635	449384	3000	7393	3658	272583	16681	3140	3000	4604	35145810	1358445	523762
145B	145B	33584	451076	70293	62934	52934	253144	1701654	200010	58102	55989	1201671	1693896	181536	10428	268608	20225	3000	2002104	891848	28439	1237648	361277	6028	31791	17202	234731	7618	3000	3000	4637	27460534	1172801	874551
82B	82B	32272	139673	56449	40648	44051	177621	900685	107150	29690	19302	804124	709457	44336	61458	132994	20363	3000	250913	150613	14592	239356	143519	3000	3000	3000	52284	5676	3000	3000	4637	8704592	2579155	429725
41A	41A	34682	437772	228000	173935	155664	762970	4594666	263609	191445	136235	6044322	7269158	377661	10712	227897	113660	6607	3895003	1784491	104650	3788040	799511	3000	19116	15519	849923	33601	9199	4253	4723	38615915	1761438	673353
134B	134B	27252	213175	50264	63804	51375	171498	1310513	107239	37565	24414	1504815	1455719	94097	50734	67222	19568	3000	975168	424911	31077	670670	261533	3000	3000	3000	183965	5844	3000	3000	4750	16611076	1947516	336497
Az4B	Az4B	42710	334471	99199	64603	52617	294793	1422237	106587	49407	27564	2130407	2026039	93351	80027	208172	42014	3000	1003524	518961	38358	885814	272503	3000	7037	3226	232603	24262	3000	3000	4752	13033763	1857315	635837
122B	122B	22514	1262593	195617	174176	88574	595738	2928248	158637	82611	52078	3380973	3185349	283471	182520	386579	169822	3576	2400359	872313	59896	1790085	1000545	4995	43114	32903	433654	82915	8817	4420	4786	11618600	1197292	1163384
135B	135B	25316	406861	52883	92801	44226	220226	1025909	76834	66858	35039	2113629	1572702	171960	10579	216388	41775	3000	1112811	1487420	62597	1710641	698037	3000	5518	3992	486982	11189	3000	3000	4817	13645231	1073970	1141860
41B	41B	58646	110545	205041	56008	54700	224877	1521425	63792	69651	29451	3182126	2077223	60122	7914	55816	34365	3000	590872	133369	41087	328298	104861	3000	3000	3000	186730	5214	3000	3000	4825	4237008	2417085	173459
86A	86A	48584	735083	281117	138951	115678	733037	2623491	209002	152583	96589	5168625	3625459	270152	10904	261441	83379	3000	1734381	871739	66945	1608158	644782	3000	8450	8680	358990	32274	3000	3464	4834	18597395	1666947	714957
96A	96A	65864	722146	411223	55343	85815	622536	2408991	109844	146242	62269	7303753	5066946	168939	8149	197323	62335	3000	1711456	495360	89848	1503914	356445	4399	14188	14818	683544	62829	3854	3854	4875	6955363	1439466	512202
119B	119B	56491	1083589	381208	208202	165038	1169311	5356048	245730	169397	95612	6257638	5131247	294591	8378	403786	125312	3000	2752103	1009023	87661	1878939	554815	5179	47639	34723	679482	41474	4971	3000	4956	11313074	1409626	1137782
22B	22B	50762	574632	61608	61532	105408	232576	1822400	136371	108590	86047	2215038	2631658	203957	175092	469179	96758	3000	2797160	1135043	72173	2080047	1387194	5469	18132	11818	404268	9631	3000	5134	4957	16786356	910240	1438822
82A	82A	33697	265003	213132	65105	75814	272037	1733176	175543	72187	35511	1314904	1079964	75444	125036	320934	91274	3000	512905	425804	28863	942748	162448	3000	14175	8855	136840	34436	3000	11377	4982	10187906	2189533	908636
05B	05B	32605	1854082	163241	75769	77660	376396	1611148	157684	103862	46771	3436786	2279012	213388	7063	289515	137990	6989	1834818	954157	53859	1663353	590386	18383	55485	42692	502501	122948	10454	6143	4988	13353096	1185021	1024901
134A	134A	35364	421155	125681	98878	114768	233045	1479974	103986	51059	23594	1250079	1171941	66257	97885	110595	53280	3000	603054	160193	30359	342332	305290	3000	3000	3000	93776	4019	3000	3000	5003	3186872	1977917	309407
37B	37B	39998	1695483	230456	112486	87140	679023	2786721	144757	175741	96638	7276264	5929375	327828	189811	288669	270348	9994	3512437	1580474	115687	2846508	926594	3095	15848	19884	1020284	29239	12574	5684	5091	18836558	1041677	924593
10B	10B	65162	443785	99503	65165	52987	199249	931328	118874	52918	26761	1636827	1280172	100053	131154	312437	130958	6315	1024520	650271	33372	1214716	254187	5120	25810	17944	269263	32466	9574	7310	5102	24105343	1179350	1030544
102A	102A	79998	818001	402833	78985	114949	601666	2650295	155555	179475	70065	8070252	4918376	156034	5143	148465	75011	3000	1786422	421707	111092	1047504	225054	3000	8661	8748	449871	63866	3000	3000	5197	7650885	2124973	397530
66A	66A	42924	564882	320792	263286	212824	897654	5466364	259591	161425	114149	4828295	4849286	303466	14424	232571	107954	3000	2455545	1271862	75405	2219678	633717	3000	13953	10085	524645	13417	4238	4564	5201	5890883	1737507	550671
09B	09B	33696	713453	143876	84669	58181	357571	1682355	117950	58230	52306	2268991	3294234	168514	6918	226106	89023	5876	1863543	418373	56196	1504859	607159	4431	15063	12459	255490	18173	7200	3045	5251	17587771	1387692	762626
28B	28B	23654	148383	63104	12312	25756	188408	775322	81367	33916	21405	969909	986963	53338	3934	56581	11136	3000	763751	371628	28353	523871	270762	3000	3000	3000	98438	5027	3000	3000	5327	4900166	1052899	239287
13B	13B	24644	288676	110005	63529	63804	330774	2116836	157809	78778	62313	2388703	2142688	155202	10399	123116	109671	4579	1057371	669434	36915	1158644	383969	3540	20717	14240	269856	30787	7298	3022	5348	25669540	1667290	456186
25A	25A	51867	727500	236055	54458	83977	657152	2670198	263043	168367	67559	5257242	3197862	194561	5044	143025	110805	3000	1317799	700550	55930	1315239	706972	9206	19269	12844	442511	30477	3000	7228	5359	4502257	1244349	458663
113A	113A	42782	12202	53476	111142	98769	230305	2837271	360219	46327	112588	661333	2539915	240857	107336	106131	34854	3000	2953724	905000	28764	1758721	407560	8053	9251	3000	205820	3882	4838	5459	5369	16083323	2672717	511800
75B	75B	30924	259313	66222	23237	25572	155928	688022	72517	31117	17384	1161950	943552	28101	10186	60856	24679	3000	163803	77315	17701	186142	81750	3000	3000	3000	88193	10148	3000	3000	5382	8547775	1998963	204182
60A	60A	34352	692436	117482	104778	105533	537913	3281552	209356	114279	71128	3304012	3127552	178325	196671	112445	112986	8354	948457	705032	45996	1425817	932483	3066	22535	15770	269670	22188	10378	3809	5414	34104866	1591777	358045
116A	116A	40368	12759	440624	336455	270245	1166751	6476106	313034	238861	226561	5657868	10510825	777733	15279	827142	527343	67893	15911259	4786476	144203	7029536	1060103	28466	168808	166615	1236727	3000	64605	10115	5415	3380468	1412646	1788269
71B	71B	31863	168633	47267	31285	38920	151509	1145764	142027	34282	26437	915825	929531	49341	59125	73334	18916	3000	398139	152752	25974	274040	208364	3000	3000	3000	77262	4389	3000	3000	5526	3446106	2533896	239900
32B	32B	34730	1486643	111341	95362	79213	364852	2606469	162717	86082	71456	2416695	2732623	191000	5227	119011	123691	3000	1195743	783392	36840	1434781	481005	3000	11504	8295	267518	19023	5180	3853	5545	14936237	1360122	390811
93A	93A	40951	129013	48867	31390	32714	162443	1123627	104256	32017	24377	966186	1149377	63468	34775	79917	34354	3000	577660	269520	17168	454350	155168	3000	3854	3854	98956	7886	3000	3000	5588	15464511	2372848	224985
100B	100B	52634	231015	52255	48061	55407	173184	1289435	139134	44982	50807	729162	1003260	67903	64108	92202	27346	3000	543343	292453	21796	527123	242953	3000	3174	3000	83449	5184	3000	3000	5641	36805966	2436025	309988
56A	56A	30688	660220	241470	157666	134184	679818	3959087	141385	166422	104962	8332147	8307274	264509	156113	234051	148664	22031	2947114	1001290	122048	2781209	591024	8016	41740	53334	1152070	97573	21525	7570	5752	9057020	1769329	644384
130A	130A	30456	565225	170584	67030	63666	493617	2248075	185662	100437	68917	3326018	3564343	313385	11901	172098	84945	3000	2367313	1127187	43801	2123029	768766	3222	17528	9934	375544	19842	3000	3731	5815	17091591	1549128	655016
62A	62A	52685	90488	110972	15868	31958	176490	812909	80848	39587	24393	1913986	1766825	36659	9691	56131	11498	3000	304449	91302	28222	310989	108486	3000	3000	3000	123601	5018	3000	3000	5860	2863346	2128693	174946
108A	108A	37042	2038423	373098	125402	147501	861729	3513740	227626	137268	68355	6690783	5167666	243827	8143	300795	97585	3000	3202804	954624	106497	1764644	564322	3632	10777	6248	909067	54208	3000	3000	5873	5866670	2024976	630002
30B	30B	26638	437577	263898	78314	78756	513771	2227608	89105	96411	55948	4987612	4520176	149231	57992	136776	54450	3000	2249636	587978	99489	1163527	282004	3000	5431	3000	539855	13562	3000	3000	5975	9557099	1449466	414033
55A	55A	90284	935436	142769	121975	72821	440161	1953569	104012	103328	70862	5157950	4891590	211658	3733	275500	90143	20853	2646099	1372214	105281	3172591	615511	7095	26834	22921	1040940	100463	32313	4192	5993	40192113	1321021	1047330
27B	27B	35202	506774	109287	87119	56338	254165	950222	75324	55887	38882	1988448	2230758	145044	126673	296678	163036	3000	1905221	1241631	94090	1940073	603143	7733	14366	12053	529396	14088	4999	3682	6010	30716460	769884	1096218
15A	15A	44110	32424	18257	12162	15637	7496		69531	15631		70109	62646	3267	8803	26924	7516	3000	13485		18160	23091	34532	3000	3000	3000	3000	4459	3000	3000	6052	62602	2326976	101741
62B	62B	36637	204905	157969	68710	86993	294505	1555183	114224	52448	23710	1828236	1457417	95289	63711	199790	37343	3000	966822	238280	29216	515960	304418	3000	6067	3000	126582	8019	3010	3000	6067	10034084	2385552	712852
26A	26A	78873	626162	192967	84604	76361	498560	2390188	294325	135585	65724	3051182	2275895	146115	6010	137624	54310	3000	949908	729656	61360	1116983	516665	3578	11737	11084	364983	37453	3000	3000	6076	3943232	1390819	367440
54B	54B	279027	362710	63328	44664	38263	144215	886431	104978	48124	37513	1310356	1420474	119142	70817	154051	54757	3000	1288447	551401	35832	979555	657810	3000	3000	3000	281331	32122	3000	3000	6085	21440878	1120775	631825
67A	67A	31157	675385	176237	125447	85483	461278	2250172	141694	97607	44673	3703616	2928775	237943	89993	311431	116031	3000	1873457	679520	71522	1470707	886244	3362	21293	18529	426247	37934	7264	6649	6156	6568594	1475589	1096817
130B	130B	29062	680336	49720	40726	51863	180600	879604	84129	70803	35847	2447021	1736292	181811	9515	65928	127153	3958	1207994	847552	50980	1893890	1060895	4247	23340	20675	534709	34002	5206	5653	6158	23284903	863143	331742
Az2A	Az2A	65029	606082	357535	68883	102877	850553	3788455	250530	227999	122101	9128945	8649276	233348	56087	256069	53234	3000	2779393	1218463	108121	2303416	264890	3268	18490	14438	967053	88828	3000	4446	6205	6783184	1952849	797974
137A	137A	40788	600975	112642	231415	134732	519465	3509081	311412	113719	116809	2920407	3790559	347374	431038	579757	75196	4296	3757098	1969504	77385	2682894	1485779	6173	31222	11415	613674	9555	7123	3158	6336	30109685	1630624	1587915
99A	99A	71310	451609	169803	120245	108463	502347	2901421	193610	129781	75115	4946777	3904627	160618	5044	153301	16188	3000	1671167	497462	62430	1018086	250716	3000	5335	3000	425867	14421	3000	5579	6353	6360443	2521724	345906
74A	74A	37478	416110	314578	106518	81344	694227	2961378	171091	191336	57267	10284456	4302077	220056	6752	404542	50897	3000	2366987	883484	106479	1740345	270782	3212	14872	15355	1098924	50770	3937	4776	6361	4725166	1804118	1189895
48A	48A	76943	42183	91346	18420	39052	392849	1442494	223897	83049	50677	1777735	2209400	110788	10189	49566	13128	3000	1241579	1145548	62447	1488111	229976	3000	5750	3000	429231	57809	3000	3000	6373	6352149	3227577	367285
79B	79B	45708	18910	47828	24656	38137	82047	653096	60425	18491	9411	479366	432045	31618	12416	62325	68799	3000	248415	69016	13073	164239	77359	3000	5231	5231	25114	3000	3000	3205	6392	12337175	2990507	213148
83A	83A	44785	366237	127174	141131	91358	481458	3503435	222877	94966	94202	2262409	3324676	180256	132542	232021	161272	3000	1679109	1199111	40553	1769635	707648	4568	23072	18463	498391	15584	3000	4696	6528	10708662	2426244	598258
68B	68B	43799	899234	161341	91528	58351	419309	1697688	119658	93587	68617	3415401	3085846	218153	89661	747539	143221	7171	2197955	1028383	65308	2362216	691946	3753	22942	20822	539113	134660	6901	6457	6554	20559589	1370889	1812353
74B	74B	42364	1101531	178404	87663	77680	556852	2128197	171750	115648	62426	4582218	3686248	214816	42317	110009	40665	3000	2341725	1276934	70681	2157593	639106	3000	9292	6389	691508	60389	3000	3760	6584	6546469	1516389	448537
95A	95A	51046	14204	229481	136483	122945	795039	2328392	259407	173978	89613	5142167	3940802	276626	11101	78158	262573	9793	3051391	1715897	74770	2300413	907272	6980	39015	35582	561541	3000	11482	6352	6600	5054179	1281703	310960
59A	59A	36839	596967	374780	140018	108976	937225	4224951	274848	184230	131377	5146451	5916368	287302	11205	153904	189516	24734	3582502	1895123	87311	2799221	749035	8964	62394	54178	600366	219336	34672	6280	6612	14065181	2002330	580216
43A	43A	32445	1085136	350459	178010	141595	940892	3547968	217151	234559	131308	6976348	5535930	332644	91210	224887	132539	17814	3108337	1660828	114209	3205614	1124200	5292	30380	26903	1022957	36735	19582	4131	6640	41286860	1436419	845946
78A	78A	37883	386978	237053	80364	89803	437796	2032050	125487	94569	37081	3361945	2091289	122069	137681	198146	60806	3000	942522	503344	47922	960707	628637	3960	23617	21885	368350	51827	3000	3000	6670	4005226	2008026	723848
126B	126B	35238	12718	82190	44536	52450	252805	1463975	121613	41781	29615	1431653	1387830	112003	100527	61330	162639	3000	765356	355271	21113	708037	453664	3309	15165	13411	170405	3000	3000	3000	6690	17181856	1778692	227377
18B	18B	41525	430541	82502	89336	69632	240876	2093656	148463	53201	37911	1254422	1596613	106067	96322	179077	117834	3000	790418	513539	29753	877725	300128	4971	5257	3000	155433	13365	3479	3089	6767	13059006	1647277	573318
98B	98B	34156	1562977	60923	65670	64255	196938	1139020	85103	71835	35013	2403715	1339481	106547	134237	152846	201435	3000	700065	490202	44909	1116774	954799	3546	16556	16556	356924	80164	3936	4274	6806	9507461	1545559	551488
97A	97A	40880	540396	161300	79255	95326	370120	1719735	131116	110871	43410	4958845	2893548	156507	83201	69508	87526	3052	1187325	530369	64132	1061878	491857	5279	8196	9008	453588	36885	3000	3856	6812	4876583	1705988	239052
148B	148B	27401	586413	203753	74068	72779	934520	2862742	132801	144491	129679	6250526	7252447	230226	139565	238563	109140	3000	1739215	932462	91630	2339226	406460	3000	22686	20825	768289	33041	6076	4206	6832	13721576	1039454	639879
36B	36B	297666	875385	219896	52832	63793	484526	1564380	111206	162032	98396	8456728	6767195	188855	6930	460741	184530	15890	2486331	938576	170319	2489963	622845	7162	46535	48253	1500203	280636	12132	7070	6857	37773045	1490634	1432375
127B	127B	39042	535504	200872	109741	80897	572752	2840692	123181	70804	52196	3063243	3035359	149910	12025	256568	77342	3000	868498	297830	50731	692034	339974	3000	5185	3025	164544	13521	3000	3000	6906	8410703	2049737	635341
07B	07B	79708	732095	71887	33312	39831	183346	1057367	87401	50519	25013	1652769	1130459	96099	7847	85939	93613	6061	655121	315621	37503	689348	590311	3000	14939	9818	215330	66999	3614	3000	6974	8026287	1794118	322277
06B	06B	28413	954042	260648	86714	83856	642219	2781550	153280	73580	42314	3775117	2636489	180916	94939	155744	137718	3000	1348565	722296	60631	1346721	561665	5755	16030	12315	500524	82082	3258	4789	6983	10148786	2027533	595029
20B	20B	36755	1018740	122022	60816	47579	292107	1141551	94264	76597	58874	3660356	3048362	170485	210298	142029	326433	40204	2033558	1090706	91230	2559417	850282	11116	61304	68366	864202	113481	39581	9753	7243	19962611	901291	647703
Az1	Az1	41094	309766	536305	81790	137390	423036	2597377	135429	149107	71171	5801332	4931958	171203	48373	250808	24723	3000	1519215	265424	66561	1139623	122543	3000	5922	5922	381836	56501	3000	3000	7261	4477518	2126242	919524
129A	129A	27804	1561021	119456	158882	94733	324350	2091708	132273	75099	41635	2310277	2077216	148005	190398	238382	80304	3514	2470645	824975	46908	1297782	464323	3000	15779	10120	286593	98556	3000	3005	7379	7645877	1748930	730537
112A	112A	43754	11303	155490	69812	60836	660747	3035097	242921	72026	62516	1870715	2753881	170126	102219	156771	163180	3000	1838422	844705	50731	1552650	293026	8616	12044	7765	228794	3000	3000	4767	7667	15391401	2523124	559894
71A	71A	33353	639733	245710	123284	110933	598399	4170886	172485	150981	92352	5821527	5862328	263361	103520	291899	85923	3000	2479204	970391	70649	2334071	537029	8694	18489	11882	727404	65012	3000	5547	7702	4193620	2067238	660261
89A	89A	35805	731750	266850	71272	79204	549647	2052642	148736	140481	104836	5045618	4658247	199107	9269	125194	156442	9381	2189156	808746	81455	1755326	596469	3787	21498	16886	566643	41029	11061	4436	7893	21718313	1424056	437178
110A	110A	45063	508191	90615	43361	45402	223444	887618	108482	39185	15012	1401381	1116034	87325	83824	106763	60649	3000	1249710	532862	34300	846650	464476	3000	3000	3000	250775	37198	3000	3083	7984	22032680	1597083	419308
10A	10A	58425	1895883	443436	277467	184284	1090891	5360539	361458	325826	121236	11880673	6514190	398183	94846	1214556	144428	9071	3564217	1325982	126471	3064213	995050	10695	42274	38734	906536	146412	13313	8063	8140	3060537	1094154	2417991
59B	59B	41153	5907302	594944	257484	246565	1637085	7582606	222168	333352	273334	14901652	14928159	513046	281193	455796	474191	113365	7845633	2262320	222756	5452222	1027017	38872	266912	282831	2123403	669752	139984	16275	8211	28674772	2261028	1088288
111A	111A	100837	10350	88979	117666	117399	388837	3478048	252545	125934	148027	1991057	4552717	500480	14508	161039	184869	4758	6329103	2448149	66173	3541643	585433	5399	39053	18642	616840	6528	6733	7198	8306	33313870	1395885	699043
68A	68A	35832	4070497	318393	279734	244358	824848	4909684	256488	315386	137231	8560238	6121141	555658	14815	678858	310828	40354	5777791	1580344	119968	3138161	1473432	16208	112204	105155	652885	558166	53512	15252	8307	29640987	1400192	1879256
56B	56B	60130	607912	232685	150964	97943	586109	3806030	183565	120258	90604	4528247	5393145	374368	130621	349010	90728	3000	4044086	1222210	89302	2027815	550964	8733	7287	4066	761098	11669	3000	3000	8410	18499134	1494422	952297
118B	118B	25752	208629	164592	33601	45977	250066	1432654	94744	40140	28321	2042076	2430301	56828	8854	83874	86718	3000	545160	103638	30747	329262	109942	3000	13618	13708	118472	36098	3000	3000	8504	5241797	2302895	305995
141A	141A	46651	10495	55011	34841	37723	219970	901328	108192	66856	50635	1641764	1924830	153550	17420	142582	455083	36059	2539449	872873	50122	1768837	884980	13504	81272	78041	439316	3000	45500	8248	8515	42867350	646116	629114
69B	69B	69007	19026	114589	35012	41776	402262	1799041	126797	54055	25303	1914552	1696442	104730	11427	60102	182007	3000	813640	402186	25730	660589	194887	3000	9985	8147	189632	3236	5672	3000	8545	10664721	2184944	211284
72B	72B	31369	1372519	55294	68201	50033	187994	1191426	123991	58043	32203	1666089	1176288	107974	128622	256353	162575	3000	791564	422812	33693	769716	387509	3000	10286	7618	147842	48872	8633	3339	8593	11621804	1718581	828938
18A	18A	80659	833134	147025	148029	149567	390803	2442483	166180	191681	119166	5384956	5185397	250016	159159	306669	241007	3000	2267761	1142495	113680	3068232	1034203	11016	27126	20439	686172	41980	7668	10432	8647	11749577	983804	936148
76A	76A	44605	667842	577871	150639	269122	869668	4548799	230001	376633	149160	10292438	7148528	245781	77694	311053	67530	3000	2910881	1295615	143738	2334038	228666	3322	10508	7817	758611	58265	3000	14522	8773	2973873	2966624	992433
01A	01A	49278	514657	646774	80882	132445	627716	3183637	153058	151822	74758	6018995	4178297	104689	54356	256617	39374	3000	738831	249102	72308	959223	111308	3010	13355	11999	370947	72024	3719	3000	8799	1572947	2705292	769705
50A	50A	39178	468058	248997	92401	174442	603803	2260640	134964	117959	43681	3072332	1836626	96895	221765	125863	117211	3000	559207	250335	47792	637137	572245	3000	4224	7082	218034	9472	3000	4146	8871	2655020	2054344	329092
43B	43B	38619	14382	194152	120759	117822	560889	2900986	197694	164292	94088	6094936	4945055	345005	14534	169892	564825	14067	4357575	1098514	79211	2759945	1286351	12639	76211	57815	852211	5688	22757	10583	8976	3511447	1222638	497147
100A	100A	30066	12979	124458	53890	54217	314620	1609841	116590	106389	49282	4361541	2718181	150169	8967	83332	343635	3000	1787418	647625	61241	1145760	445366	5080	34622	37807	554650	3933	13013	8264	8990	11733605	1336398	258094
27A	27A	38388	310930	161591	118280	205958	321099	2559011	130684	169610	59248	4810558	3377157	122695	9532	245160	83798	3000	707231	197420	52492	612442	216064	3015	13604	9281	216371	22417	3155	5934	9017	2056859	2153789	539261
131B	131B	40267	12076	39851	37303	37334	165324	1189455	95725	40382	35824	916489	1384177	156907	10286	150315	251854	3000	1629160	1048054	36740	1511612	542248	3000	16424	6559	388929	3000	5396	5665	9125	28422336	1030042	699647
13A	13A	50186	14424	109297	97849	121038	273232	1750714	129011	69740	29903	2110852	1733822	108256	10107	132790	129194	3000	915919	198282	39562	573411	476231	4688	17087	4658	158290	3000	3748	3553	9155	3670784	1773539	368116
34A	34A	34093	835992	236619	53813	59296	446925	1802123	133544	111727	39324	4657006	2423506	159852	15743	98386	131369	3000	1102795	444356	67382	1157486	880724	3000	10610	8268	357884	23841	3000	4872	9655	6983389	2305117	366647
138A	138A	38368	680382	227426	114963	129136	649367	2785859	148724	164483	98474	4923168	4109927	238770	14533	266945	136989	6673	3054104	1632781	115225	2096559	722215	3614	23688	10400	914715	45275	6376	4325	9819	38484748	1265162	848541
01B	01B	33455	332448	187263	43693	71102	360935	1879645	188501	96046	34032	3063567	1774932	97329	10236	71290	90868	3000	885498	520231	37774	746347	206943	3000	15479	8708	276517	29753	3000	3594	9995	8398607	2313924	285643
73A	73A	45674	1898690	91941	180832	91489	285663	1633302	132468	79259	33700	2577488	1858575	136222	183726	384169	158769	4365	1580424	566804	41649	1148737	650534	3000	9937	12217	201030	81830	3000	3060	10096	5615845	1641200	1012027
42B	42B	31055	387151	68530	75209	51235	238031	1447714	109193	56981	33839	2339669	2164688	97400	11143	132935	64132	3000	843946	254811	31726	620835	222233	3000	3000	3000	190562	21871	3000	3120	10246	7797631	2336677	397962
141B	141B	30866	18701	69450	39103	31886	205442	942071	99466	36381	21605	953527	837056	67220	10847	61435	167753	3000	541927	302296	39669	580466	265619	4704	20931	19548	123785	3000	6027	3000	10297	10391888	1690952	293916
121B	121B	29360	1006129	108004	97035	75297	309615	1775711	107270	113627	57041	4958747	2905593	97294	8195	179670	131957	5315	1054109	382225	52237	1249465	478924	4521	23380	23954	390908	136919	3000	14971	10423	3040989	1959445	591469
63B	63B	54839	22392	47111	42922	38464	67521	676696	55412	20735	9705	598711	560025	22857	10503	94020	133818	3000	165046	45705	15702	164836	51304	3000	6151	4642	30279	3000	3000	3000	10427	2531378	2169869	272811
64B	64B	34733	11350	133906	100543	90593	482547	2220565	114468	129144	103070	4229049	4317142	171108	10819	392320	715288	97597	1630238	734412	66346	2188445	669955	16857	127252	102368	577803	3144	108100	12762	10539	11589983	1056174	1135121
45A	45A	44172	1489801	490927	137236	195994	1090634	3439199	193002	350070	175049	8993707	6525897	314833	230878	394906	258361	7674	3156259	1513093	188725	3793688	871561	4099	29258	20754	1110720	86819	13010	6610	10585	20671599	1848686	1270671
118A	118A	32476	13960	104605	192043	196977	322418	2574036	272584	115192	100826	2004924	3077640	363629	93220	109584	240364	7144	4593959	1587068	41344	2702457	619151	8627	52294	31383	306642	3492	13050	6467	10729	11727924	1822602	552628
03A	03A	84801	784812	149254	90835	59527	431229	2185257	146629	92325	47210	3433492	2636461	250833	13552	479982	193159	7598	1994553	975540	82121	1318631	649650	8112	41324	28871	612651	54715	11754	4705	10914	14934389	1109537	1356190
06A	06A	58721	666889	232591	158091	204198	635576	5404593	415346	220952	134093	4568512	4374053	238290	83374	505315	115930	3000	1740232	778547	62958	2159751	260375	3097	25467	20648	376714	27637	3000	3082	11021	6727914	1998626	1037546
04A	04A	56621	12384	401559	136517	184696	794346	3499071	249328	223785	108213	8593372	5944269	351488	10204	338316	387399	25655	4590787	1127296	103764	2653310	605234	12766	84753	74030	957998	3000	29137	10676	11042	7065998	1535900	1066377
12A	12A	35320	628129	266581	140029	134297	771948	3199119	287434	170579	103813	5446006	3877165	334536	185119	184673	178454	5475	2703595	1521679	96199	2975636	1166981	4267	46908	36092	953191	156569	6827	7140	11242	12350038	2061535	670199
16A	16A	43500	633317	279284	145931	134907	714112	4206453	182121	209409	90743	10827149	7633562	254846	17392	125070	144114	3000	2354096	764681	131843	1738673	986567	7960	12562	7386	945803	28403	8163	5161	11399	7405944	1415730	396263
03B	03B	31383	1383616	366914	65447	142115	561160	2860755	103587	260394	100967	9631848	5892853	94001	7699	68275	248889	3000	937922	290455	131658	563365	242728	3000	16054	14472	544234	78196	3837	5382	11739	8449019	2205106	221196
73B	73B	39343	18195	143698	80230	68641	392786	2031050	128975	81367	46659	3064004	2926156	169351	99400	121348	400102	14531	1888867	784890	51914	1357970	643425	9883	51608	54957	333862	3000	19911	7365	11875	9196398	1577245	367750
129B	129B	76977	11888	93036	46416	50011	298794	1274704	99853	68479	42134	2745954	2512811	196421	116921	147365	761595	10338	2311063	918514	46323	2100947	721717	6986	41652	36761	406444	3281	25268	10856	11969	25007382	789050	560478
61B	61B	41989	12775	215353	111037	92870	537606	3034821	207331	82121	48871	2891811	2249088	185158	9456	267894	520845	10865	1575289	819220	38968	1226276	276880	12731	79820	85422	530476	3000	11911	10063	12186	9310363	1609859	791715
113B	113B	33473	15297	33355	28114	27824	67132	562687	75031	18355	11832	475353	566736	33713	34323	90150	113318	3000	212711	69111	10931	179990	110040	3000	7852	3692	41448	3000	3000	3434	12188	10985249	2336002	344617
90B	90B	27093	702832	89006	54857	38358	196175	763971	66096	39662	20700	1782885	1131252	94549	146591	181859	222018	6067	639642	398712	39407	907736	526528	3810	5286	19804	245085	24752	10356	6617	12337	24044548	1446674	808135
137B	137B	47585	12153	189889	53174	55590	477400	1833294	135556	44703	34135	1694077	1924506	102176	13239	55444	426929	9383	935812	435517	23787	1009457	330728	6274	52171	37391	229230	3000	12908	6522	12445	33526930	1769646	248910
08A	08A	37005	347137	170006	107537	206012	373744	2648154	128228	194161	73543	5732364	4246406	143261	10633	284239	91548	3000	887062	219360	68947	798211	249785	3232	15317	11867	285380	26811	3423	4997	12471	2728811	2441402	674898
123A	123A	32675	10601	104883	88819	100978	293065	2244445	211127	97211	67925	2635386	2636597	259252	72628	509318	1087417	61133	3877782	1079472	57941	2594371	465266	24860	143572	109583	491641	3000	67973	20513	12473	17353658	906375	1276053
15B	15B	32123	1063275	338632	80974	107144	488192	2325275	91864	113419	58241	5557009	4584707	153522	182978	378699	289917	4508	1558361	300475	75217	1100397	445433	7987	77138	68179	387651	46612	4891	7476	12549	9049041	1469149	960062
44B	44B	34304	587246	115903	52644	49603	267789	1443079	155144	70072	38638	2055457	1357708	110440	10055	253403	223338	10536	1030473	708453	36817	911227	484597	3000	15899	7355	282214	35627	4244	6361	13009	34616691	1804429	803988
103A	103A	33936	15649	146496	65804	68455	360201	1935855	159826	54336	39115	2108840	2387580	145205	12082	137775	165166	3000	1516968	295197	29266	645298	242798	4618	18916	12669	132405	3000	3000	3101	13070	8229442	2420395	320849
66B	66B	34622	16947	51068	53444	44744	73582	717317	53976	20413	12261	735796	722315	22075	9280	64773	122943	3000	174985	35528	12796	133031	68553	3000	7328	3963	37540	3000	3000	3160	13281	2909823	3371269	177911
97B	97B	36564	10578	57895	42522	45129	150270	1177380	126462	39099	23972	715784	706107	88360	14558	38580	450820	3000	398422	239928	15262	491137	355841	8134	48025	45253	82525	3000	3000	3286	13436	15476975	2156919	195509
132A	132A	47642	11510	148090	171568	128101	473222	2759379	227123	105085	64150	2551490	2912661	230386	164427	238329	780335	22271	3101560	914378	52849	2058636	593274	11937	96430	78081	270677	8470	28284	11634	13499	6141053	1225143	666785
125B	125B	27285	11988	74293	68164	57164	218744	1734763	146375	53859	52948	1799710	1856164	118289	66025	244776	230044	4598	937283	408622	27186	1115534	294053	4362	29598	21849	262282	3403	8472	4644	13584	20602189	1693661	864810
72A	72A	35063	13038	521626	144975	137844	1036745	4332916	320945	254243	120156	9353724	6570169	406590	158434	459799	452361	14559	6940762	3308339	148393	4345601	860160	21233	134939	122510	1481336	3276	25361	11644	14105	2606026	1446305	1500996
57B	57B	32327	2126285	329187	231282	179454	796166	4441794	46117	221287	179540	9798719	8701286	262979	13812	716491	639714	28016	2760496	554864	127560	2217409	571347	20667	130943	145350	861974	220978	39751	15788	14363	6195614	2088388	1470295
45B	45B	71369	12758	169899	89670	68311	381006	1756449	109709	73454	56450	2252137	2192933	242287	93951	177053	646059	25682	2816323	790846	46954	1682334	633977	6534	32183	42333	367777	3000	30831	10441	14408	38357957	1682221	797722
32A	32A	56647	14679	95660	39698	60872	265449	1253586	126682	70130	25476	2407273	1504389	102625	15264	68890	188328	3000	871461	392468	32742	686170	520822	3000	9148	7862	234571	3000	3000	5212	14477	6657786	1858369	263418
106A	106A	30949	11392	219288	90348	114349	640114	3179670	442350	147140	126098	2390865	3283998	181909	12663	432157	656714	3000	1780227	838945	51281	1596790	498308	27861	239316	225386	354933	3000	10193	9976	14500	20101713	1772955	966629
69A	69A	45757	361622	151366	121499	120790	571468	3348104	168743	271210	197077	8211834	8570116	266366	198984	271902	305547	25213	2256376	1255195	115093	3112273	547208	11106	73863	62919	686066	38702	28785	9542	14506	25144645	1586735	801979
122A	122A	32421	11448	309012	147555	122478	557243	4092408	242207	102940	70817	2095354	2805124	259939	12875	334125	1107297	9804	3019576	752672	41574	1516259	414752	21324	158818	144919	250534	3000	13796	15550	14827	8318256	1778262	843945
52B	52B	25951	11209	93240	39332	41632	241190	1435471	163853	41140	32632	940269	999074	127113	58667	90426	220333	3000	653982	254427	24233	463950	170305	3000	16399	10512	115836	3000	3288	3433	14929	27714777	2572726	362540
95B	95B	35505	9510	64929	93903	62037	169308	1157132	113526	66320	50636	1586098	1720606	162502	138121	411659	898654	21878	1746948	606795	31739	1502933	622772	15799	34433	81747	258172	3000	31396	14274	15041	11757688	694236	1364913
103B	103B	24205	10751	68106	96875	71406	234802	1617050	130734	66130	59265	2153824	2173405	151672	10213	460157	641849	29408	1161170	540076	41057	1206753	376662	12170	37486	71853	330144	3000	39971	10313	15223	9878901	1272481	1386190
131A	131A	34723	16126	133225	140283	85590	383464	2483862	163364	56682	44295	1582844	2156668	202526	16846	151052	245517	3000	2285670	660802	33604	1485251	301505	3356	16396	7769	262944	3635	4384	5675	15383	11622064	2334104	565561
11A	11A	64799	15741	367088	90469	111628	798898	3114838	196845	124762	54024	5697180	3633778	198519	341001	68009	721221	20581	2352481	768337	73714	1661032	1126640	11165	67598	66020	624397	3000	23537	8227	15820	18940607	1653938	255195
106B	106B	32984	1292962	137523	108205	103438	349657	2062908	135757	162835	89762	5262209	4552245	141616	120985	433992	400308	27306	2152759	503592	85651	1819064	418492	9014	68119	66055	315181	346162	37524	16469	16252	15319706	2106912	1369809
07A	07A	207741	16503	116621	63599	66925	257808	1942058	220189	69827	39484	1659866	1440761	120415	148849	203616	313149	6311	968607	357169	26765	807093	571162	5732	44110	30463	187724	3000	7877	6763	16572	11218223	1763743	490120
85A	85A	38425	16463	220306	94447	70746	529358	2014464	142547	68839	37071	3401425	2413448	155710	12186	225251	831037	33103	1908732	729662	51852	964784	429649	16677	87957	110779	563141	3000	36999	14254	16794	8462923	2122859	603091
136B	136B	43324	12983	40196	39420	31771	186920	1200886	118215	45253	46181	1064848	1764675	118720	12960	246284	962532	19847	1148211	694020	35248	1194643	320017	10578	59250	53675	272081	3000	22130	15123	16995	19591352	1035299	714869
144B	144B	82285	14702	154600	117147	78082	349795	1929459	127305	59013	41835	2617102	2078445	121267	66985	168630	324008	3000	1039634	325997	33065	742417	354370	3000	20043	15163	267543	3000	3581	7143	17022	9789958	1908781	465511
17A	17A	57082	474528	160546	186837	104876	631135	3713175	330520	137352	59059	4681656	3007449	161740	13375	119285	142574	3000	1146781	947372	64540	1223103	583151	4006	30532	30991	407691	38411	3000	4502	17027	5480991	2557220	420868
Ut1	Ut1	57747	12820	219427	192840	201099	718223	5363112	415110	292675	199045	7325068	5916659	215268	13060	242232	745403	37490	1342331	626075	67339	1676979	478725	22707	123590	141538	359964	3000	50151	16670	17090	12490069	1752505	743819
105A	105A	43283	115656	106155	63103	63802	194127	1437936	95137	52856	25377	1999814	1550230	77595	14403	97971	179280	3000	752532	150492	28473	311014	188199	3000	7857	7374	148785	16948	3000	3000	17326	6749649	2721722	252359
17B	17B	43981	16104	41260	37330	33468	105994	660491	87772	23570	8227	620685	637483	42966	115957	94073	277959	3000	415952	185085	18259	378808	622119	3000	8016	6755	88800	3002	3000	3689	17730	9438068	1794813	342359
85B	85B	24314	14210	67607	68555	46592	150407	824021	64676	16040	14074	533515	678699	45857	62329	114165	257760	3000	293405	96699	17137	183951	240336	3000	3000	6631	46983	3000	3000	3865	17840	4996132	2307854	307975
77A	77A	48962	12635	179500	234232	243738	615205	4905974	277133	206917	158126	6457693	6294767	235715	12246	181892	852901	16032	2974539	932324	68809	1464641	265498	6220	50888	34401	467756	3000	31896	11048	18029	10266772	1907387	501720
29B	29B	41539	13449	43865	45241	41589	176576	999285	108147	43709	33863	1071441	1252695	134309	128807	94540	313061	3000	1443248	529538	27293	1054847	474953	3000	7504	4200	191219	3000	3000	3862	18068	29064301	1492855	441350
96B	96B	35611	1003003	65301	64475	49079	226508	1480913	138919	62947	50708	1953063	2167096	190267	11295	204314	901056	124171	2043258	855790	43046	1422487	632370	43684	327192	309247	368322	419117	171720	20747	18534	29993697	1474023	728711
99B	99B	31258	230	148757	110784	106017	434123	2486820	124260	119273	57706	5800066	3746865	195907	14517	205537	648297	3000	3248217	1296413	94574	1988064	1036291	26166	168401	168401	1282869	3000	17179	11754	19976	5624373	2019320	788532
93B	93B	29685	15775	50456	62721	48872	164717	1293072	118283	47717	42540	975108	1362002	167537	126979	188674	574793	11850	1916609	835711	32071	1837882	439487	4912	11006	41237	229168	3883	16050	8230	19998	22428116	1456259	597028
58B	58B	42108	9961	210967	210483	151002	573746	2839394	158619	157816	125579	5663818	5311438	309432	15182	525878	2418591	104929	4479625	1623232	105590	3316309	870726	52579	300192	327070	925878	3000	126299	31603	20123	24670103	1228957	1664053
127A	127A	36549	12469	69231	69758	51927	263010	1367187	143114	77463	58905	1256808	1476936	143012	15932	183803	412674	13798	1978130	1009122	33954	1580514	560508	5486	41238	31735	302873	5245	13220	9877	20221	8981096	1586069	755661
60B	60B	57917	12841	36591	34547	42946	150017	1179239	97402	44291	31786	741027	987472	104995	91459	163779	616987	3000	1027173	571636	24867	788195	284505	4925	27704	22313	142604	3000	6594	8710	20508	20000116	1396129	584972
39B	39B	33249	17462	52456	30993	36152	158671	1289472	126742	48721	41239	1022754	1157991	95893	32187	58285	198550	3000	621271	330629	16977	433791	188307	3000	4696	3000	115784	3000	4218	4132	20616	41728660	2481759	245842
115A	115A	38214	11059	69239	63360	74390	207183	1109353	106053	73583	40150	2447236	2149772	161800	159289	144210	956918	7069	2292578	747759	46787	1686399	687446	7571	38123	34148	389934	3000	15660	14774	20956	24109598	1327537	683827
53B	53B	59628	21019	91218	79873	68235	183695	1550542	86440	34130	22532	1016678	905466	58749	60704	106350	339264	3000	403179	147494	17455	333717	115875	3000	21757	17561	62624	3000	6204	6966	21305	9870923	2477953	288644
Ut5B	Ut5B	47102	14850	85318	89175	50959	315110	2223133	174293	66845	56745	2139843	2278182	175122	15412	203328	818400	21477	1404007	619823	31603	1146665	388842	11220	73292	83071	246758	3000	30595	13207	21549	19757591	1331911	663162
80A	80A	36197	14485	700138	184414	216065	1221519	4902651	188484	353465	212617	11500258	9625763	271442	17013	413483	1709208	85056	2603882	866591	144444	2464440	270351	16558	128820	98165	807012	3041	82856	21612	21558	15144682	1660986	906131
65B	65B	31584	12841	158946	39553	58039	377760	1359865	111493	87760	68997	3156882	2947547	119301	90655	173323	488662	18287	826924	217280	51025	840103	410019	7595	43949	39615	250174	3000	25339	8618	21875	9537617	1728510	587836
23B	23B	28087	578529	198865	52574	66293	412959	1583533	80219	132071	34250	7919828	2657357	141552	94991	194835	339655	3557	1427386	746918	148567	1429711	438992	5686	36480	33275	1262936	81642	9747	12378	22505	24806293	2351240	890889
92A	92A	37129	11235	89119	39257	35969	211157	845683	92929	35913	24755	1186753	1337347	87990	71936	79352	657640	4196	1008576	406623	35428	824655	390924	6085	28155	23587	192464	3288	15651	9280	22549	40602925	1995470	309093
108B	108B	29460	591977	62697	99372	65431	104642	794695	107741	41400	20488	837810	717633	83768	102519	254875	437433	11803	849141	356544	30923	969339	220141	5007	30125	29727	101865	24168	13853	22408	22824	26758081	2437390	875020
81A	81A	43937	10888	532470	135701	108668	905459	2930422	137951	228089	123584	10405772	7618587	489913	11594	224282	1778906	167346	7789778	2430606	179302	5710836	852964	37519	240981	290011	2569917	3000	229205	28259	23051	10701753	1400693	765209
Ut4B	Ut4B	31093	13012	104416	137582	99987	485544	2660658	174842	126599	100041	4230735	3549066	179107	10867	205003	974155	56912	1480373	654400	45625	1432142	611082	17931	149775	128876	411207	3000	62755	13764	23068	15565044	1698319	716471
42A	42A	28477	15572	219755	116685	77250	542314	2957944	176930	74397	69830	2358290	4056961	228968	303959	168646	879382	17183	1818009	785352	43243	1956331	978195	6356	41336	37501	404808	3000	17549	16976	23548	28059587	1747125	432971
77B	77B	44249	17619	59197	51512	49066	150510	1192540	94566	28455	16076	1011850	972846	52555	77275	59464	328270	3000	468709	126194	22858	331753	177612	3000	6756	3882	69414	3000	3000	6257	24132	3348852	2530876	206487
38B	38B	34222	12372	47561	40807	45073	185807	1174021	87464	32406	24547	1024866	1064389	109838	142134	129603	369642	3000	1048906	338789	23799	685983	987274	4834	30233	29618	183751	3000	5086	3757	25003	12027870	1757447	535497
50B	50B	29346	12492	70753	48880	36395	146236	875656	100953	31854	20979	754155	850646	69662	82550	96059	338910	3000	723961	234817	20995	543001	185566	3000	19495	14014	88734	3000	3998	5457	25541	26426215	1943240	471249
58A	58A	42380	12931	49697	73016	48456	143784	1160091	153382	46051	44321	688236	1103092	147875	118653	211605	1437933	7913	1214244	754420	37128	1058695	442153	6065	38151	30327	147176	3185	15816	23833	25549	47040492	1551036	680873
40A	40A	42998	11711	570380	177412	174790	972272	3833965	136311	264770	124835	10590269	8693054	412378	16389	346178	2779273	285367	5457940	2237138	179737	4287004	992816	41188	254338	257245	1555702	3000	311265	42190	25946	17532404	1400769	890997
81B	81B	39016	15662	170879	47316	43166	249149	1299024	78222	50316	36311	2452474	2243623	74902	10715	68473	385807	3000	550393	195703	42802	481915	284770	3000	14390	9840	300712	3000	5148	6208	26715	10991646	2181980	279900
109B	109B	26487	11146	107891	42542	43781	177046	844191	71242	41523	18928	1373833	994467	82735	11107	76045	637777	4338	758959	228981	24182	560945	400483	3876	23692	25226	126248	3000	7801	9813	26811	10726722	1588314	335930
53A	53A	41115	14079	99406	37742	45932	171399	1014578	109352	29081	19705	660143	597706	47484	10523	147837	280221	3000	258937	144633	17357	397145	104671	3000	16367	10230	50365	3003	5850	5190	27426	11112524	2877816	424748
33B	33B	33394	15652	86951	190601	148251	308694	2604028	189788	103657	107382	1632490	2688994	402731	250123	727534	1549236	15039	3772646	1110457	39407	1846305	1227534	16261	98230	82826	276391	3000	18646	24649	27519	21839367	1086411	1982388
125A	125A	32197	12762	92518	106872	83485	297026	1973776	188990	56009	66204	1076470	2086019	298742	78861	300489	1066895	19683	2953681	896948	39416	1474073	544544	8490	49288	38412	219264	3000	21329	17213	27540	30938825	1644536	822864
14A	14A	60572	17790	193858	121687	150564	557511	3251973	167333	139182	69718	5260784	4771046	182559	17372	197321	751919	14009	1989170	524926	79905	1441805	522038	9176	57969	47945	508221	3000	24101	12001	28080	7622031	1715340	581545
40B	40B	50573	12509	194961	130638	82978	566093	1954722	92589	101227	60002	4580716	4127364	208504	16014	62953	2114603	76819	2117019	751966	76611	1722836	587936	35891	227081	296225	617342	3000	90389	24762	28596	11305279	1513367	280673
08B	08B	38752	11358	96829	85640	69565	232080	1692367	100795	67939	40000	2811283	2130644	187528	15785	131638	1791116	34950	2257911	497352	36059	1427968	583448	72627	613534	785702	331502	3000	49046	27517	28889	35797328	1613398	565444
120B	120B	35302	11742	168870	65236	58631	317167	1521605	117608	76260	39533	2819754	2277579	134492	14352	29181	1357353	30230	1441969	595130	41277	1078216	705947	18014	99328	85787	469651	6194	38160	20172	30621	32957278	1460420	181259
55B	55B	37243	14620	86171	100170	67793	234850	1852723	137502	47785	39578	1827816	2010042	116077	12221	203900	680487	5738	959525	397016	25669	644735	426991	7795	42986	42626	237947	3000	10860	8843	30661	8558416	2174054	582675
24A	24A	45234	16465	248723	166897	124873	827621	2985973	285396	216420	146146	5164752	4411509	442045	241694	222402	1316142	44165	3862457	1778181	109380	3351657	1913258	24565	204943	162764	837666	4354	53113	25228	30842	14045503	1324860	775806
142A	142A	55863	11004	37445	42221	51165	184194	1318466	140251	63200	59696	1122068	1445194	173302	82520	423717	720528	3000	1881377	647560	28360	1560511	250641	21341	33783	15898	172456	3000	6447	11715	30871	22067442	1464724	1175290
80B	80B	23725	11066	108436	38402	36631	243711	782097	62510	70921	35427	3012599	1901483	90644	14964	98574	1805725	67897	741896	365312	54174	1090703	406838	20649	130416	141937	337243	3000	77251	24667	31002	17883966	1215188	420333
88A	88A	33029	15145	510227	144522	159222	853663	3302671	149651	153160	59132	7219694	3963262	208855	9262	53508	424228	4455	2714943	839475	98444	1332062	326948	14027	18426	12829	747133	3477	5313	8841	31177	3566553	2311560	200613
67B	67B	44319	16545	89693	63939	56590	329594	1811418	123420	62211	37588	2731455	2759779	113255	110211	47549	749789	13212	1326826	318380	38465	835214	429737	4107	34064	28882	268587	3000	16370	9919	31207	12928640	2417489	226140
19A	19A	68271	14026	281300	123851	108041	759347	3576490	261231	130744	90442	4395201	4389309	183068	91034	527552	1824074	96288	1348382	565216	67891	1569076	519657	39260	259849	284619	356270	3000	114937	22825	31359	22036978	1313121	895870
26B	26B	90730	10764	72429	61019	49569	201710	890361	78199	80266	45807	2986471	2562003	137976	18796	150219	2780535	245093	1953125	677232	67570	1977164	982187	53779	348025	386230	434798	3000	253258	42934	31857	44069027	1073987	848503
46A	46A	42363	16868	66928	35828	40918	119854	737179	105473	33725	16705	958166	795614	52615	40855	72993	432132	4365	389805	178259	17862	438642	261470	3113	33973	25623	83840	3000	6024	10482	31970	5512041	2609805	298516
64A	64A	28003	8222	462848	71827	102906	690516	2820862	125867	256424	134825	11656235	10153468	298830	113754	307236	2074165	221874	4574170	1074688	201272	3481483	689088	69381	477815	619270	1698492	3000	236338	34393	32338	15425414	1409082	1049731
Ut2A	Ut2A	34136	11083	126773	94959	80176	415523	2855626	280688	147705	124160	3697695	4653654	276741	20076	333166	1682512	87779	3082295	1564254	76537	3098998	663208	36425	261457	277021	795548	3000	91430	29196	32381	27674792	1938690	1233207
98A	98A	50444	11001	215468	97897	139068	608131	3523702	176096	165947	116822	7066044	7222730	149417	75336	118410	921558	3000	1399059	423343	67678	1139432	232736	27458	235498	253112	501247	3000	13306	8962	32467	7329464	2451985	303161
63A	63A	44471	12959	157895	115574	99463	401380	2490431	135516	103113	65192	3269309	2990247	161159	96301	108802	1034668	35682	1129576	594088	57691	1184886	446465	12368	95606	84186	281729	3000	38948	15714	33011	8624750	2109824	378362
39A	39A	33136	10123	74924	88549	73458	180267	1308107	129708	71130	32381	2114800	1927457	145182	56528	182627	1044656	13009	1518387	673441	59521	1264759	311751	4474	24579	19905	251455	3000	16477	17667	33924	41995617	1697636	602187
52A	52A	66445	15556	80329	33167	44464	195626	1220822	170165	50184	32441	762835	809163	76434	72852	145946	303878	3000	466082	250084	19146	425083	244862	5318	9800	4440	70770	3000	3101	8240	34088	18830734	2669081	559928
Ut3B	Ut3B	57028	12966	109393	178752	167867	491803	2394839	219155	127034	124969	2897918	3857178	238488	22521	505788	2520991	137366	3071151	808874	51754	2527222	1074332	37780	222556	313909	362204	3000	143308	32978	35181	41228774	958595	1412183
54A	54A	31851	11829	55260	67277	55429	162929	1127875	120564	68733	39908	1601485	1411579	196394	92784	474961	1208431	4937	2112360	959525	55280	1721499	665847	6163	38486	29453	290075	5671	15499	22026	35743	27400910	1419225	1616064
24B	24B	28340	13950	213908	56569	69262	520546	2062202	132533	73727	36199	3483993	2709550	159293	15604	152163	1106412	3000	1414587	634974	57813	1364659	500720	7551	46695	53111	416637	3000	9214	11343	37045	13562148	1735645	566007
02B	02B	59635	12340	244473	60483	95302	296805	1973159	95777	95716	50391	4078536	3228340	94774	12558	179859	510788	3708	1228866	189128	47519	585971	93089	4522	20056	14362	231399	3844	9071	6135	38875	3101897	2560554	579138
02A	02A	42876	14727	227047	80665	93646	368953	2400636	206773	98016	48025	3506599	2773936	130603	13431	433807	1012223	16555	1187250	321403	47770	869161	247678	7655	44242	36465	265027	3000	21362	13678	39585	9346314	2012007	1231680
29A	29A	41651	14778	167374	167673	182142	591943	3015403	253251	280368	168666	6020133	5616072	537995	221374	622294	3696181	306344	7352543	3017903	130678	5099882	1829485	103694	683215	760495	1420558	3000	379442	69165	41354	4060933	1017841	1686098
44A	44A	37467	17642	139619	39646	74502	364686	1756863	170586	85730	58826	2065517	1683064	147124	85310	107810	727300	4221	930142	423551	42826	960167	558885	4687	29196	24356	236068	3000	8621	11655	43768	42861442	2911324	372650
04B	04B	29891	12914	198933	126619	119712	709010	3325616	218423	115357	60078	4287575	3751564	220161	136545	254522	1571815	3112	2037149	680923	62095	1400775	240324	10500	64415	65138	367876	3000	12518	18250	49599	21496307	1731407	757502
75A	75A	33057	15944	538386	221818	156394	830827	4918989	218852	173625	86001	5532538	4737618	252820	211758	611319	5158302	287447	3487572	832261	55001	2201297	697336	67404	421789	490895	407998	3000	322430	68632	50410	9897655	2149671	1144436
35B	35B	44461	16551	349534	149681	102132	760573	2891741	111019	128555	69922	5770407	3985773	262181	21020	370349	4321146	175225	2759937	851101	86589	2229821	634184	108548	824221	858063	898380	3000	192968	72996	50653	17168519	1271655	1100881
11B	11B	30884	14266	146118	67954	59193	325786	1395710	99701	83063	45985	3238256	2453948	241742	175938	194947	2703962	28379	2448675	1050997	65129	2183883	995665	19384	149986	115116	612374	3000	50639	39013	51151	29878801	1245721	1052665
35A	35A	42729	11958	151059	43225	67244	490043	1663174	173024	116919	61091	2868914	2184297	156399	11746	89275	1234450	8022	1596212	1342572	76906	1569498	648148	12039	85634	69196	597242	3481	24522	17925	52027	25807411	1473787	374842
23A	23A	44867	15493	124765	51366	69524	274999	1479625	133474	63437	24129	2843337	2155429	99476	15998	130431	1068079	8353	804806	259117	45605	843658	501895	6366	43329	40535	268405	3000	20936	12573	58358	9860376	2224407	435786
135A	135A	35777	11611	150266	194608	105338	663144	3464981	273549	143685	89059	4439975	3626860	253111	16206	202301	2503022	83574	2376376	1137423	65687	1662091	668727	35189	218519	257482	451828	3000	94110	29769	60653	10071297	1585340	560244
05A	05A	32368	13709	378835	203566	183129	669384	5111885	214589	260555	154146	12232347	8326709	460611	23371	516248	4266762	349591	6669209	1547569	187827	3749404	1048973	145285	1240138	1200819	1673450	3000	396763	70999	62222	16236546	2663988	1458908
47A	47A	33223	18012	223945	79641	85282	496078	1891424	134330	102802	54953	3685898	3190530	202126	161928	145146	1604371	13489	1777236	571594	72021	1643630	559138	8283	48292	49668	458921	4923	15440	20602	72096	11185204	2470456	464652
38A	38A	49184	7009	201747	55180	65484	521444	1850882	175743	121323	68054	3597518	2682419	277807	19593	197705	1506471	3000	2484033	1830418	90821	2542746	1861729	12197	82201	81618	1003537	3000	12941	22337	81899	17259958	1874979	799426
61A	61A	51820	9960	171213	185752	132152	362965	3070507	263504	138404	84630	4020492	3672684	340531	21440	678664	3325331	3000	4213853	1310840	62206	2452895	571254	17685	166050	165430	465168	3000	15034	40654	90188	8669641	1800701	1879529
143B	143B	28342	336186	106420	52786	52536	378300	1878199	129928	65296	53647	2664855	3086967	183885	79902	135785	35440	3000	1809897	696899	59193	1419196	570984	3000	4800	4247	475849	11509	3647	3000	3000	32934698	1221537	557610
51A	51A	44257	921576	82875	83060	72068	237981	1365008	133499	123594	75893	2713095	2116538	248482	10272	135847	306674	13536	1704997	1294467	88190	1935216	856720	5594	33796	26685	585599	41559	17559	6008	3000	35768564	1086490	470383
37A	37A	45960	95022	83543	39810	41679	196649	913522	112743	32793	17820	630432	650647	38217	60319	31304	11641	3000	172305	102729	16014	272225	108990	3000	3000	3000	39113	3000	3000	3000	3000	3095374	2317267	91525
86B	86B	34503	141046	43329	14533	19445	60498	356836	48266	15494	6916	420812	351049	15606	8816	52023	24633	3000	71459	24107	10784	72495	54792	3000	3000	3000	20475	3000	3256	3000	3000	3576095	2471013	170080
91A	91A	43313	313664	108931	38239	43417	274167	1062694	141325	70424	37246	2020053	1312630	124422	11456	164603	44490	3000	963646	582968	36393	960911	343955	5544	10036	6744	251773	27028	4193	3000	3000	35212783	1516118	569089
36A	36A	91513	430201	262602	61817	97802	502734	1834230	112179	154494	50262	7165977	4181454	126787	7923	59455	24719	3000	765643	418485	117184	866642	428202	3000	3461	3461	509882	7312	7312	3000	3000	6955135	1031310	193531
57A	57A	29056	84080	66332	28420	40398	221285	1070618	131888	65649	33066	1549842	1360224	74562	47096	53932	21005	3000	542560	724498	33567	1043445	169272	3000	3425	3425	232134	5710	3000	3000	3000	17962459	2108848	253331
30A	30A	37378	920682	111388	78052	85890	273010	1257375	119151	64339	28690	2281775	1542889	144816	65573	120334	64397	3000	920786	375014	38149	700685	761698	3000	6404	8115	199285	9781	3000	3000	3000	5113003	803613	281025
120A	120A	30147	69993	104518	58293	45114	278080	1365923	93258	39384	17136	1586145	1098820	92503	174667	60672	16104	3000	714864	409747	35614	595447	421355	3000	3000	3000	203098	3000	3000	3000	3000	6591944	1418355	205521