GH	Block	ID	LeafMass	Bergamotene	Linalool
1	A	UT_WT1	2,441	57,53	0
1	A	L1_1	2,819	38,23	1,38
1	A	L1_2	2,775	3,99	22,33
1	A	L1_3	2,802	12,1	4,36
1	A	L1_4	3,209	46,31	9,94
1	A	L1_5	2,95	8,35	0
1	A	L1_6	2,069	0	2,56
1	A	L1_7	2,449	44,17	0
1	A	L1_8	2,335	0	0
1	A	L1_9	3,067	0	5,07
1	A	L1_10	2,547	4,03	0
1	A	L1_11	2,633	5,48	4,73
1	A	L1_12	1,429	17,4	53,25
1	A	L1_13	2,653	12,56	0
1	A	L1_14	1,471	4,55	9,99
1	A	L1_15	2,287	28,42	0
1	A	L1_16	2,316	0	1,68
1	A	L1_17	2	13,3	60,82
1	A	L1_18	2,597	0	2,1
1	A	L1_19	2,551	25,57	3,17
1	A	L1_20	1,994	4,46	2,87
1	A	L1_21	2,135	13,6	2,51
1	A	L1_22	4,967	13,44	1,98
1	A	L1_23	3,283	0	6,73
1	A	L1_24	0,953	60,13	0
1	A	L1_25	2,2	80,41	0
1	A	L1_26	1,774	18,71	0
1	A	L1_27	2,373	136,69	4,08
1	A	L1_28	2,11	11,95	54,3
1	A	L1_29	3,679	5	48,96
1	A	L1_30	2,241	9,19	0
1	A	L1_31	1,848	22,61	0
1	A	L1_32	3,201	7,96	0
1	A	L1_33	1,41	160,49	28,48
1	A	L1_34	3,586	10,88	2,46
1	A	L1_35	2,2	41,47	2,93
1	A	L1_36	2,534	22,91	87,14
1	A	L1_37	2,455	31,92	0
1	A	L1_38	3,822	89,2	15,33
1	A	L1_39	2,314	43,93	68,04
1	A	L1_40	2,231	0	0
1	A	L1_41	2,382	44	31,51
1	A	L1_42	2,722	0	0
1	A	L1_43*	3,014	0	0
1	A	L1_44	3,297	0	0
1	A	L1_45	1,964	0	0
1	A	L1_46	1,956	5,1	3,76
1	A	L1_47	2,398	9,89	17,32
1	B	UT_WT2	2,341	10,61	0
1	B	L1_48	3,836	3,93	0
1	B	L1_49	2,651	50,81	2,06
1	B	L1_50	1,954	9,66	0
1	B	L1_51	2,168	7,4	0
1	B	L1_52	2,573	6,13	31,7
1	B	L1_53	2,73	3,25	0
1	B	L1_54*	2,926	0	13,32
1	B	L1_55	2,669	4,51	30,02
1	B	L1_56	2,714	97,67	0
1	B	L1_57	2,309	7,3	1,9
1	B	L1_58	1,739	17,1	2,63
1	B	L1_59	1,865	9,64	3,09
1	B	L1_60	1,894	35,23	0
1	B	L1_61	2,974	0	0
1	B	L1_62	1,873	10,33	0
1	B	L1_63	1,426	81,41	0
1	B	L1_64	2,227	159,33	2,6
1	B	L1_65	2,438	4,99	0
1	B	L1_66	1,783	0	0
1	B	L1_67	1,401	5,61	0
1	B	L1_68	1,809	79,13	6,38
1	B	L1_69	1,755	12,88	2,32
1	B	L1_70	1,832	22,11	40,03
1	B	L1_71	1,815	79,92	0
1	B	L1_72	1,647	108,66	0
1	B	L1_73	1,651	124,88	89,69
1	B	L1_74	2,663	40,34	44,12
1	B	L1_75	1,933	9,27	4,44
1	B	L1_76	1,57	14,98	5,25
1	B	L1_77	2,224	105,87	2,51
1	B	L1_78	1,85	53,33	0
1	B	L1_79	1,453	7,23	0
1	B	L1_80	2,37	17,81	2,85
1	B	L1_81	2,111	7,66	2,7
1	B	L1_82	2,342	33,39	0
1	B	L1_83	1,732	37,34	12,13
1	B	L1_84	2,13	40,16	3,32
1	B	L1_85	1,198	538,26	156,76
1	B	L1_86	2,078	59,1	34,55
1	B	L1_87	1,533	5,74	29,11
1	B	L1_88	2,296	19,22	19,96
1	B	L1_89	2,379	103,1	0
1	B	L1_90	1,484	218,49	3,38
1	B	L1_91	2,26	15,42	0
1	B	L1_92		5,83	0
1	B	L1_93	1,406	22,16	0
1	B	blank		0	0
1	C	UT_WT3	1,193	57,07	2,44
1	C	L1_94	1,492	0	13,09
1	C	L1_95	1,659	0	8,97
1	C	L1_96	2,581	466,75	0
1	C	L1_97	1,314	58,73	0
1	C	L1_98	2,173	0	46,02
1	C	L1_99	3,045	6,84	13,71
1	C	L1_100	1,852	63,43	0
1	C	L1_101	1,127	6,03	0
1	C	L1_102	2,233	85,14	0
1	C	L1_103	2,747	7,37	0
1	C	L1_104	3,643	9,27	0
1	C	L1_105	2,514	0	0
1	C	L1_106	2,589	0	0
1	C	L1_107	2,81	14,98	9,47
1	C	L1_108	2,097	0	1,94
1	C	L1_109	3,646	19,13	34,73
1	C	L1_110	2,508	8,12	0
1	C	L1_111	2,309	38,22	44,15
1	C	L1_112	2,046	241,41	0
1	C	L1_113	2,878	15,87	0
1	C	L1_114	2,082	1,98	44,73
1	C	L1_115	3,004	10,28	0
1	C	L1_116	2,507	93,08	0
1	C	L1_117	2,507	140,6	0
1	C	L1_118	1,261	36,78	2,04
1	C	L1_119	1,664	29,82	2,63
1	C	L1_120	1,733	31,2	0
1	C	L1_121	1,745	439,43	0
1	C	L1_122	1,861	3,72	0
1	C	L1_123	1,54	52,48	0
1	C	L1_124	1,681	41,56	3,05
1	C	L1_125	0,98	49,56	0
1	C	L1_126	1,224	178,92	0
1	C	L1_127	1,092	169,97	32,37
1	C	L1_128	1,472	14,85	0
1	C	L1_129	1,32	52,76	0
1	C	L1_130	1,706	13,22	0
1	C	L1_131	2,57	843,35	3,12
1	C	L1_132	1,145	32,77	0
1	C	L1_133	1,634	25,34	57,1
1	C	L1_134	1,404	22,46	0
1	C	L1_135	3,462	13,48	0
1	C	L1_136	1,674	3,41	0
1	C	L1_137	1,801	104,65	2,85
1	C	L1_138	1,381	190,93	2,63
1	C	L1_139	1,69	64,98	0
1	C	L1_140	1,136	47,59	0
1	D	UT_WT4	1,923	54,12	0
1	D	L1_141	1,517	21,8	64,43
1	D	L1_142	1,032	48,48	0
1	D	L1_143	1,313	48,26	1,16
1	D	L1_144	1,487	91,25	32,41
1	D	L1_145	0,937	13,29	0
1	D	L1_146	0,853	144,45	0
1	D	L1_147	1,516	34,67	0
1	D	L1_148	1,247	12,53	1,5
1	D	L1_149	1,597	5,73	54,19
1	D	L1_150	1,018	39,39	0
1	D	L1_151	1,453	63,96	2,34
1	D	L1_152	2,484	14,72	4,43
1	D	L1_153	1,444	23,82	0
1	D	L1_154	1,444	22,01	0
1	D	L1_155	2,149	9,86	27
1	D	L1_156	1,963	6,34	4,22
1	D	L1_157	1,571	83,18	4,33
1	D	L1_158	2,187	8	29,34
1	D	L1_159	1,611	71,36	0
1	D	L1_160	2,599	10,03	0
1	D	L1_161	1,758	6,64	0
1	D	L1_162	1,67	84,47	0
1	D	L1_163	1,756	3,06	0
1	D	L1_164	1,461	16,03	0
1	D	L1_165	1,525	7,94	1,52
1	D	L1_166	1,266	114,51	18,54
1	D	L1_167	2,486	15,28	0
1	D	L1_168	1,785	4,77	2,95
1	D	L1_169	1,11	40,07	0
1	D	L1_170	1,511	55,01	14,16
1	D	L1_171	1,984	25,96	12,86
1	D	L1_172	1,984	133,11	0
1	D	L1_173	1,008	5,14	0
1	D	L1_174	1,325	4,77	0
1	D	L1_175	1,746	9,18	0
1	D	L1_176	2,148	10,2	1,28
1	D	L1_177	1,756	108,13	0
1	D	L1_178	1,785	0	0
1	D	L1_179	1,378	280,53	49,01
1	D	L1_180	2,657	198,11	3,24
1	D	L1_181	1,684	8,52	92,3
1	D	L1_182	2,425	11,56	0
1	D	L1_183	1,71	12,74	0
1	D	L1_184	2,225	53,42	40,87
1	D	L1_185*	1,518	34,07	21,33
1	D	L1_186	1,797	596,63	0
1	D	blank		0	0
1	E	UT_WT5	1,162	85,11	0
1	E	L1_187	2,353	6,03	0
1	E	L1_188	3,02	30,84	0
1	E	L1_189	1,983	5,9	0
1	E	L1_190	1,919	2,64	0
1	E	L1_191	2,007	268,43	0
1	E	L1_192	2,654	29,39	3,15
1	E	L1_193	1,745	1296,77	0
1	E	L1_194	1,346	426,07	2,82
1	E	L1_195	2,459	16,02	48,35
1	E	L1_196*	1,544	14018	1,79
1	E	L1_197	0,87	254,67	0
1	E	L1_198	1,202	55,83	2,74
1	E	L1_199	2,864	35,62	3,07
1	E	L1_200	1,585	116,12	5,6
1	E	L1_201	1,898	10,52	0
1	E	L1_202	1,127	21,69	1,78
1	E	L1_203	1,24	39,78	59,29
1	E	L1_204	1,52	5,75	14,38
1	E	L1_205	1,225	67,05	1,52
1	E	L1_206	1,729	32,99	2,69
1	E	L1_207	1,706	608,36	0
1	E	L1_208	2,02	12,38	0
1	E	L1_209	1,606	10,63	0
1	E	L1_210	2,348	5,44	0
1	E	L1_211	1,655	24,7	15,3
1	E	L1_212	1,238	40,08	4,53
1	E	L1_213	2,254	13,55	2,7
1	E	L1_214	2,204	5,37	16,25
1	E	L1_215	2,035	7,25	13,89
1	E	L1_216	1,97	5,07	0
1	E	L1_217	1,972	28,37	1,67
1	E	L1_218	1,577	81,1	44,62
1	E	L1_219	1,669	142,27	1,79
1	E	L1_220	1,478	315,71	14,81
1	E	L1_221	1,553	49,28	15,81
1	E	L1_222	1,99	33,89	2,01
1	E	L1_223	1,608	310,1	0
1	E	L1_224	1,201	73,23	0
1	E	L1_225	1,202	45,74	0
1	E	L1_226	1,191	90,61	2,2
1	E	L1_227	1,749	34,29	3,93
1	E	L1_228	2,685	19,81	1,95
1	E	L1_229	1,565	33,84	9,35
1	E	L1_230	0,899	47,64	0
1	E	L1_231	1,709	7,29	2,07
1	E	L1_232	1,459	261,21	1,68
1	E	L1_233	0,999	10,48	2,11
1	F	UT_WT6	1,981	35,14	0
1	F	L1_234	1,023	27,56	1,24
1	F	L1_235	1,438	3,21	3,19
1	F	L1_236	1,638	157,49	0
1	F	L1_237	1,612	3,1	5,14
1	F	L1_238	1,898	4,68	1,75
1	F	L1_239	1,115	121,14	21,95
1	F	L1_240	1,774	1666,67	0
1	F	L1_241	1,412	139,82	84,99
1	F	L1_242	1,71	83,93	1,73
1	F	L1_243	1,041	192,05	1,47
1	F	L1_244	1,168	46,43	0
1	F	L1_245	1,441	5,04	20,47
1	F	L1_246	1,179	18,66	44,73
1	F	L1_247	1,143	763,73	0
1	F	L1_248	1,16	101,53	0
1	F	L1_249	1,037	34,16	0
1	F	L1_250	1,049	1872,99	0
1	F	L1_251	1,357	759,39	2,96
1	F	L1_252	1,404	86,52	0
1	F	L1_253	1,036	8,97	2,97
1	F	L1_254	1,157	492,01	0
1	F	L1_255	1,201	623,59	0
1	F	L1_256	1,155	24,42	0
1	F	L1_257	1,438	6,3	67
1	F	L1_258	1,087	103,94	0
1	F	L1_259	1,407	54,79	0
1	F	L1_260	1,479	154,49	0
1	F	L1_261	1,16	23,05	0
1	F	L1_262	1,437	268,45	10,64
1	F	L1_263	1,155	108,98	0
1	F	L1_264	1,339	18,63	3,86
1	F	L1_265	1,043	69,21	0
1	F	L1_266	1,1	82,59	0
1	F	L1_267	1,6	5,47	0
1	F	L1_268	1,617	110,43	4,38
1	F	L1_269	1,162	34,23	58,91
1	F	L1_270	1,548	220,56	0
1	F	L1_271	1,175	75,47	1,82
1	F	L1_272	1,317	38,22	0
1	F	L1_273	1,868	25,88	49,49
1	F	L1_274	1,793	0	45,24
1	F	L1_275	1,946	36,37	33,93
1	F	L1_276	1,244	115,33	35,12
1	F	L1_277	1,39	1148,42	82,93
1	F	L1_278	1,065	607,49	0
1	F	L1_279	1,247	263,17	0
1	F	blank		0	0
1	G	UT_WT7	1,512	79,18	0
1	G	L1_280	1,385	170,53	0
1	G	L1_281	1,981	48,79	0
1	G	L1_282	1,623	15,46	0
1	G	L1_283	1,079	734,81	0
1	G	L1_284	2,024	133,86	0
1	G	L1_285	1,43	28,68	2,75
1	G	L1_286	1,418	292,9	4,1
1	G	L1_287	1,471	177,05	0
1	G	L1_288	1,152	16,26	131,53
1	G	L1_289	1,655	25,1	3,98
1	G	L1_290	1,49	18,38	2,73
1	G	L1_291	1,879	29,66	2,57
1	G	L1_292	1,331	284,24	2,69
1	G	L1_293	1,206	36,89	0
1	G	L1_294	1,247	193,05	28,98
1	G	L1_295	1,158	1497,86	0
1	G	L1_296	1,049	54,49	54,22
1	G	L1_297	1,014	171,55	2,95
1	G	L1_298	1,214	86,22	0
1	G	L1_299	0,88	563,44	1,89
1	G	L1_300	1,435	124,61	0
1	G	L1_301	1,79	87,79	0
1	G	L1_302	1,097	135,31	0
1	G	L1_303	2,641	29,59	0
1	G	L1_304	1,004	32,24	2,18
1	G	L1_305	1,623	34,1	3,94
1	G	L1_306	1,476	15,46	0
1	G	L1_307	1,292	0	0
1	G	L1_308	1,015	47,61	37,49
1	G	L1_309	1,087	46,13	0
1	G	L1_310	0,715	21,45	0
1	G	L1_311	0,933	44,52	0
1	G	L1_312*	1,07	575,31	17,4
1	G	L1_313	2,213	16,92	22,11
1	G	L1_314	2,016	80,55	0
1	G	L1_315	1,493	139,42	0
1	G	L1_316	1,512	67,56	2,37
1	G	L1_317*	1,002	0	0
1	G	L1_318	0,824	220,56	54,16
1	G	L1_319	1,358	44,27	7,03
1	G	L1_320	1,528	63,68	3,83
1	G	L1_321	1,522	370,03	3,84
1	G	L1_322	1,378	26,74	0
1	G	L1_323	1,545	29,71	5
1	G	L1_324	2,024	67,37	16,16
1	G	L1_325	1,553	23,32	42,42
1	G	L2_1	1,143	387,06	56,02
1	H	UT_WT8	1,455	103,81	0
1	H	L2_2	1,585	340,43	2,07
1	H	L2_3	1,424	11,49	0
1	H	L2_4	2,555	24,79	21,79
1	H	L2_5	2,151	166,68	3,25
1	H	L2_6	2,326	17,79	47,75
1	H	L2_7	2,499	35,34	2,52
1	H	L2_8	1,372	84,58	33,17
1	H	L2_9	2,012	25,27	86,24
1	H	L2_10*	2,31	52,01	0
1	H	L2_11	1,805	61,46	0
1	H	L2_12	1,625	329,69	0
1	H	L2_13	1,163	78,03	3,81
1	H	L2_14	2,335	41,9	3,32
1	H	L2_15	1,628	13,87	0
1	H	L2_16	1,117	18,27	0
1	H	L2_17*	2,952	0	14,21
1	H	L2_18	1,73	4,27	0
1	H	L2_19	1,449	9,87	3,92
1	H	L2_20	1,995	587,13	187,88
1	H	L2_21	1,003	90,15	4,03
1	H	L2_22	3,788	97,36	4,27
1	H	L2_23	3,274	5,75	4,65
1	H	L2_24	2,489	0	0
1	H	L2_25	2,07	270,07	5,44
1	H	L2_26	1,253	77,24	0
1	H	L2_27	1,289	872,65	110,25
1	H	L2_28	1,342	55,18	4,2
1	H	L2_29	1,267	7,93	0
1	H	L2_30	1,046	38,24	47
1	H	L2_31	1,861	53,88	0
1	H	L2_32	1,615	12,16	0
1	H	L2_33	1,4	76,14	37,92
1	H	L2_34	1,308	128,99	4,68
1	H	L2_35	1,304	282,88	23,67
1	H	L2_36	1,419	13,31	0
1	H	L2_37*	1,568	215,47	0
1	H	L2_38	1,168	28,95	4,34
1	H	L2_39	1,862	14,58	4,86
1	H	L2_40	1,376	99,27	40,1
1	H	L2_41	2,045	22,17	0
1	H	L2_42	2,315	38,37	130,55
1	H	L2_43	1,299	31,37	0
1	H	L2_44	1,388	396,33	0
1	H	L2_45	1,964	359,01	13,43
1	H	L2_46	1,178	108,74	0
1	H	L2_47	1,898	30,33	0
1	H	blank		0	0
1	I	UT_WT9	1,317	117,98	0
1	I	L2_48	1,788	28,84	0
1	I	L2_49	1,924	27,92	22,75
1	I	L2_50	1,736	45,77	0
1	I	L2_51	1,219	40,28	0
1	I	L2_52	1,924	11,41	20,92
1	I	L2_53	1,262	42,03	90,38
1	I	L2_54	2,552	12,86	0
1	I	L2_55	1,753	15,3	21,9
1	I	L2_56	1,447	496,41	0
1	I	L2_57	1,15	28,63	0
1	I	L2_58	1,128	111,03	38,78
1	I	L2_59	1,284	19,12	64,51
1	I	L2_60	1,045	30,68	0
1	I	L2_61	1,112	10,45	0
1	I	L2_62	1,121	383,47	0
1	I	L2_63	1,098	105,48	0
1	I	L2_64	0,937	108,55	2,47
1	I	L2_65	1,596	36,49	21,32
1	I	L2_66	1,13	0	0
1	I	L2_67	1,141	170,66	197,53
1	I	L2_68	1,219	264,87	8,09
1	I	L2_69	1,079	30,79	51,88
1	I	L2_70	1,229	97,2	16,13
1	I	L2_71	1,12	93,02	6,21
1	I	L2_72	1,164	475,43	0
1	I	L2_73	1,147	162,02	3,68
1	I	L2_74	1,068	741,05	3,97
1	I	L2_75	1,557	13,77	36,7
1	I	L2_76	2,018	0	0
1	I	L2_77	1,343	0	0
1	I	L2_78	0,979	22,43	2,88
1	I	L2_79	0,954	35,93	0
1	I	L2_80	1,327	307,53	0
1	I	L2_81	1,454	169,94	0
1	I	L2_82	1,219	49,7	54,66
1	I	L2_83	0,944	4,55	0
1	I	L2_84	0,959	40,8	0
1	I	L2_85	1,068	165,63	27,33
1	I	L2_86	1,036	50,55	0
1	I	L2_87	2,575	8,63	48,65
1	I	L2_88	2,472	58,38	0
1	I	L2_89	0,886	6,81	3,1
1	I	L2_90	0,798	765,28	0
1	I	L2_91	1,252	84,96	45,21
1	I	L2_92	1,14	379,56	25,46
1	I	L2_93	0,889	138,92	0
1	I	L2_94	1,093	37,44	186,36
1	J	UT_WT10	0,963	207,33	0
1	J	L2_95	0,976	157,9	0
1	J	L2_96	1,083	73,33	17,46
1	J	L2_97	0,909	629,78	0
1	J	L2_98	1,247	74,7	0
1	J	L2_99	1,361	42,48	0
1	J	L2_100	1,101	6,67	0
1	J	L2_101	1,414	29,38	0
1	J	L2_102	1,41	250,28	0
1	J	L2_103	1,047	818,29	62,4
1	J	L2_104	1,228	10,94	0
1	J	L2_105	1,698	39,78	0
1	J	L2_106	1,68	53,86	0
1	J	L2_107	2,086	3,72	40,37
1	J	L2_108	1,779	45,1	0
1	J	L2_109	2,978	35,84	11,53
1	J	L2_110	1,881	63,24	0
1	J	L2_111	2,551	152,55	0
1	J	L2_112	2,329	6,67	0
1	J	L2_113	2,205	8,21	0
1	J	L2_114	2,654	0	0
1	J	L2_115	2,331	34,41	0
1	J	L2_116	1,598	57,67	0
1	J	L2_117	1,262	89,56	26,22
1	J	L2_118	2,219	12,21	30,3
1	J	L2_119	1,785	41,57	60,59
1	J	L2_120	1,065	18,24	15,19
1	J	L2_121	1,701	471,72	0
1	J	L2_122	0,999	7,46	4,74
1	J	L2_123	1,78	11,66	4,46
1	J	L2_124	1,348	145,98	46,11
1	J	L2_125	0,954	111,65	3,77
1	J	L2_126	1,622	42,79	106,48
1	J	L2_127	1,691	358,38	7
1	J	L2_128	1,916	35,92	2,56
1	J	L2_129	1,444	130,04	5,14
1	J	L2_130	2,056	21,11	0
1	J	L2_131	1,151	1942,07	5,69
1	J	L2_132	1,927	344,9	12,82
1	J	L2_133	1,431	143,49	4,73
1	J	L2_134	2,032	43,75	0
1	J	L2_135	1,469	85,52	0
1	J	L2_136	1,844	21,57	4,61
1	J	L2_137	1,298	24,19	2,88
1	J	L2_138	1,676	225,85	0
1	J	L2_139	1,626	35	2,95
1	J	L2_140	1,118	221,97	0
1	J	blank		0	0
1	K	UT_WT11	1,268	25,75	0
1	K	L2_141	1,995	14,03	0
1	K	L2_142	2,305	21,79	0
1	K	L2_143	0,932	17,69	0
1	K	L2_144	0,917	55,7	18,02
1	K	L2_145	1,903	9,83	21,22
1	K	L2_146	0,81	5,3	0
1	K	L2_147	2,252	0	0
1	K	L2_148	1,517	30,33	3,67
1	K	L2_149	0,931	45,67	0
1	K	L2_150*	0,978	20,53	48,35
1	K	L2_151	1,463	17,22	19,97
1	K	L2_152	1,589	451,82	0
1	K	L2_153	1,954	11,39	0
1	K	L2_154	0,847	80	6,56
1	K	L2_155	1,397	107,65	25,12
1	K	L2_156*	1,323	14,61	0
1	K	L2_157	1,067	44,56	3,45
1	K	L2_158	0,991	4,03	36,42
1	K	L2_159	0,762	378,68	0
1	K	L2_160	1,415	6,52	0
1	K	L2_161	0,98	15,57	0
1	K	L2_162	0,954	93,13	0
1	K	L2_163	1,87	22,81	30,61
1	K	L2_164	1,852	109,63	18,63
1	K	L2_165	1,793	19,6	41,24
1	K	L2_166	0,928	91,16	91,85
1	K	L2_167	1,476	28,03	0
1	K	L2_168*	1,997	14,97	0
1	K	L2_169	2,027	44,06	0
1	K	L2_170	1,262	6,92	0
1	K	L2_171	0,951	623,26	3,44
1	K	L2_172	1,911	208,19	0
1	K	L2_173	1,619	99,69	0
1	K	L2_174	1,523	56,19	0
1	K	L2_175	2,007	62,89	0
1	K	L2_176*	0,815	5,39	3,67
1	K	L2_177	1,822	12,57	0
1	K	L2_178	1,011	18,74	6,16
1	K	L2_179	1,236	141,76	4,56
1	K	L2_180	1,363	156,88	46,65
1	K	L2_181	1,291	189,19	0
1	K	L2_182	1,605	251,67	0
1	K	L2_183		0	0
1	K	L2_184	1,419	111,11	0
1	K	L2_185	1,065	400,68	3,25
1	K	L2_186	0,994	165,14	60,71
1	K	L2_187*	1,357	13,33	0
1	L	UT_WT12	1,113	83,64	0
1	L	L2_188		0	3,73
1	L	L2_189	1,44	18,36	4,39
1	L	L2_190		0	0
1	L	L2_191	1,337	51,74	16,34
1	L	L2_192	1,341	8,22	16,55
1	L	L2_193	0,972	12,43	28,97
1	L	L2_194	1,28	49,25	34,67
1	L	L2_195	1,226	112,17	23,37
1	L	L2_196	1,655	20,92	63,18
1	L	L2_197	1,057	96,1	100,81
1	L	L2_198	0,688	60,04	0
1	L	L2_199		0	0
1	L	L2_200	1,811	345,43	0
1	L	L2_201	2,079	0	5,28
1	L	L2_202	1,36	14,4	0
1	L	L2_203	1,055	23,43	0
1	L	L2_204		0	0
1	L	L2_205	1,17	0	0
1	L	L2_206	1,172	160,97	0
1	L	L2_207	0,765	119,41	0
1	L	L2_208	1,166	330,26	0
1	L	L2_209	1,141	12,29	0
1	L	L2_210	1,292	6,7	0
1	L	L2_211	1,312	9,88	3,42
1	L	L2_212	1,087	5,81	9,46
1	L	L2_213	1,263	7,87	0
1	L	L2_214	1,011	1987	5,12
1	L	L2_215	1,29	93,51	41,61
1	L	L2_216*	1,818	0	0
1	L	L2_217	1,978	41,02	0
1	L	L2_218	1,319	16,48	0
1	L	L2_219	2,195	22,29	0
1	L	L2_220	1,399	8,89	0
1	L	L2_221	1,416	10,23	0
1	L	L2_222	1,683	96,62	0
1	L	L2_223	1,16	72,76	0
1	L	L2_224	1,025	20,1	32,87
1	L	L2_225	1,72	322,19	0
1	L	L2_226	1,961	7,03	0
1	L	L2_227	0,977	220,54	54,02
1	L	L2_228	0,936	10,86	0
1	L	L2_229	0,907	134,88	65,08
1	L	L2_230	1,034	248,65	0
1	L	L2_231	1,134	24,34	0
1	L	L2_232	1,083	385,97	0
1	L	L2_233	1,139	36,1	0
1	L	blank		0	0
1	M	UT_WT13	1,138	29,02	4,32
1	M	L2_234	0,939	41,14	22,26
1	M	L2_235	0,889	69,02	66,56
1	M	L2_236	1,505	19,09	20,92
1	M	L2_237	0,832	151,25	5,38
1	M	L2_238	1,304	54,5	100,72
1	M	L2_239*	0,985	15,19	0
1	M	L2_240	1,466	24,74	281,12
1	M	L2_241	0,942	49,59	3,43
1	M	L2_242	1,038	1360,57	0
1	M	L2_243	1,332	21,56	5,22
1	M	L2_244	1,242	388,79	89,55
1	M	L2_245	1,208	84,39	3,42
1	M	L2_246	1,048	5,98	3,64
1	M	L2_247	1,207	135,06	3,51
1	M	L2_248	1,243	122,7	0
1	M	L2_249	0,97	22,87	3,36
1	M	L2_250	0	2,67	3,73
1	M	L2_251	1,228	31,21	4,84
1	M	L2_252	0,898	206,11	4,06
1	M	L2_253	0,943	216,08	0
1	M	L2_254	0,869	161,44	0
1	M	L2_255	0,894	69,64	7,11
1	M	L2_256	1,197	7,81	3,18
1	M	L2_257	1,155	15,85	0
1	M	L2_258	1,393	41,27	0
1	M	L2_259	0,968	23	0
1	M	L2_260	1,04	47,18	0
1	M	L2_261	0,915	12,06	0
1	M	L2_262	0,867	165,61	0
1	M	L2_263	0,924	188,45	61,02
1	M	L2_264	2,057	10,51	3,96
1	M	L2_265	1,082	11,81	0
1	M	L2_266	1,152	61,8	0
1	M	L2_267*	1,577	28,47	6
1	M	L2_268	1,51	28,27	6
1	M	L2_269	1,255	103,53	13,23
1	M	L2_270	1,325	191,96	0
1	M	L2_271	1,208	7,33	0
1	M	L2_272	1,104	121,69	0
1	M	L2_273	1,129	8,8	11,87
1	M	L2_274	0,843	63,07	30,97
1	M	L2_275*	1,226	83,79	0
1	M	L2_276	1,542	83,65	0
1	M	L2_277	0,873	123,11	0
1	M	L2_278*	0,959	24,95	0
1	M	L2_279	0,997	26,96	0
1	M	L2_280	1,162	111,59	37,41
1	N	UT_WT14	1,474	9,71	2,77
1	N	L2_281	1,092	15,39	0
1	N	L2_282	2,01	40,24	22,14
1	N	L2_283	1,647	31,6	0
1	N	L2_284	1,055	10,74	0
1	N	L2_285	0,925	67,63	39,28
1	N	L2_286	1,453	46,08	3,03
1	N	L2_287	0,838	16,43	3,6
1	N	L2_288	1,072	39,24	42,65
1	N	L2_289	0,991	34,27	6,52
1	N	L2_290	0,806	49,2	0
1	N	L2_291	1,104	7,41	0
1	N	L2_292	0,963	153,56	4,77
1	N	L2_293	1,075	271,39	3,19
1	N	L2_294	1,005	160,26	0
1	N	L2_295	1,215	143,86	19,63
1	N	L2_296	2,234	27,61	0
1	N	L2_297	1,092	54,32	4,09
1	N	L2_298	1,159	38,84	0
1	N	L2_299	1,032	21,33	5,96
1	N	L2_300*	1,14	78,38	0
1	N	L2_301	1,291	75,12	0
1	N	L2_302	0,999	69,67	0
1	N	L2_303	0,925	14,89	10,56
1	N	L2_304	0,953	66,94	0
1	N	L2_305	1,319	6,38	0
1	N	L2_306	1,499	7,28	0
1	N	L2_307	0,93	5,43	0
1	N	L2_308	1,204	11,72	15,75
1	N	L2_309	0,81	9,61	0
1	N	L2_310	0,918	33,84	2,53
1	N	L2_311	1,048	40,02	0
1	N	L2_312	1,029	8,5	0
1	N	L2_313	1,838	10,61	0
1	N	L2_314	0,829	19,25	0
1	N	L2_315	0,825	79,95	0
1	N	L2_316	1,127	24,9	9,86
1	N	L2_317	0,965	39,67	3,77
1	N	L2_318	0	0	0
1	N	L2_319	1,519	28,03	2,05
1	N	L2_320	1,521	7,23	24,42
1	N	L2_321	1,028	21,48	27,34
1	N	L2_322	1,775	42,26	0
1	N	L2_323	0,932	44,79	4,71
1	N	L2_324	1,323	114,98	0
1	N	L2_325	1,8	129,41	4,68
1	N	blank	0	0	0
1	N	blank	0	0	0